TF	Number_of_ChIPexp	p_value_mean	baseMean	log2FoldChange	lfcSE	pvalue	padj
NELFB	1	1.65136721632e-06	1.23484015784e-11	0.0669487678069	0.277871225304	6.56445746944e-16	0.0814371459233
NELFA	4	0.0371532903428	0.0385006706333	0.0962172480122	0.0729897012641	0.0690554879328	0.00379145056148
MEN1	3	6.91166099716e-05	1.29210132124e-08	0.133713685432	0.268348819129	2.02305369838e-11	0.168163839689
NELFE	2	2.42588489116e-09	3.94349024237e-21	0.112722906307	0.49287407182	1.97040226721e-21	0.194610885759
HSF2	3	0.0165760463603	0.00808684914602	0.459526656246	0.210627494761	0.00154967169512	0.00103171548732
LHX2	2	0.134343167994	0.237771763934	0.14324141741	0.168087081071	0.341460899877	0.0223858567958
LHX3	2	0.103355170454	0.0486805445478	0.294803636526	0.334456938151	0.0251347862963	0.0977591387906
NR0B1	3	0.12961235654	0.0620850827748	0.293076281568	0.33442589416	0.027054290022	0.222191815969
STA5A	22	3.21777449769e-14	3.17653555948e-31	0.272706279242	0.314647121482	2.82326848918e-32	4.48283984675e-05
STA5B	17	9.46893321431e-19	6.40418661326e-43	0.32590582108	0.336171453467	4.34640263137e-42	2.49607933215e-06
KDM2A	2	3.07662495354e-05	6.99148115798e-10	0.0257676906979	0.231959597242	5.39297415822e-11	0.122317167373
KDM2B	14	3.83382348385e-05	3.43027501702e-08	0.0304763957326	0.220012576465	9.8683041532e-13	0.364903466078
WDR5	4	1.70111775786e-07	6.24555135485e-17	0.125319828341	0.397397948333	1.90373561985e-16	0.240574205006
PIT1	3	5.79695500083e-05	1.6594208209e-08	0.0483925862263	0.253679986148	2.67388889159e-08	0.000120180696317
EHF	1	0.00318970881357	7.79938030418e-05	0.132540919916	0.407168969734	4.54103681436e-07	0.172748950757
GATA6	6	0.0204401093727	0.000485544458122	0.414403011932	0.372977672836	0.000417352342733	0.113914361769
GATA4	15	2.31536384487e-08	2.9754836088e-17	0.00571513110962	0.175143255843	5.99067540335e-19	0.372943694998
GATA2	22	9.35816708126e-08	1.40292882512e-16	0.280150422372	0.220200745379	1.27763552107e-16	0.00649084579804
GATA3	19	6.84970694926e-08	5.95778714787e-19	0.0601084284514	0.0975373783323	1.48818791175e-13	0.00290075300009
GATA1	49	3.15795293782e-11	6.32748089913e-25	0.315466483125	0.136221918658	2.17777323524e-25	0.00530376840275
NOTC1	5	0.000135209341454	7.11938521335e-10	0.215796739513	0.494457810093	2.33893255732e-09	0.254330928377
CCND1	1	6.23505938869e-05	8.17618102149e-09	0.0391669814447	0.0558547088869	3.34936710097e-09	0.0157293156978
MAX	7	1.52972428522e-07	2.38234816787e-17	0.280774201784	0.420429186654	6.54488582984e-16	0.0455101682884
MAZ	2	6.00581700494e-08	2.68333167056e-16	0.170062446761	0.294564232236	7.90438756944e-19	0.0735409878144
AHR	11	0.0105178076187	0.00391915570022	0.165280621714	0.147853424924	0.000672486686783	0.00199846514833
CSN1	2	8.751356457e-06	1.12460799521e-12	0.0280842982914	0.191990675747	4.96206995199e-10	0.0170596102605
MAF	6	5.65338963628e-14	2.41607525453e-33	0.193837337364	0.482697684269	5.06668446789e-30	0.000504193943971
CTCF	116	3.37418328325e-06	2.32424617227e-07	0.389822166256	0.161194227395	2.78008134081e-19	0.107717856937
ATF7	1	0.00109095257847	1.45621121123e-06	0.241329913252	0.208857739527	4.67875037982e-07	0.0450000907524
BACH2	1	2.11701598607e-07	2.26449932572e-17	0.336521499338	0.342035581879	2.16481673062e-12	7.53604100548e-05
SOX17	8	1.24855051239e-06	5.72878833472e-14	0.0787611602893	0.454105083581	3.27235089859e-14	0.0452521765739
ZIC2	2	0.00886704787727	0.000395156512685	0.476599847937	0.468949133145	8.82795779701e-06	0.070305004103
ZIC3	2	0.147150499536	0.170810373921	0.495237839357	0.464916640735	0.0666705576052	0.0263130663985
DMAP1	2	1.44166703668e-05	1.01690937475e-12	0.251364094505	0.416950670414	4.96561949632e-11	0.117674194895
NFIL3	1	0.0181572575077	0.0318353704641	0.20626473981	0.461128058456	7.73822100841e-06	0.0842274562407
NR1H2	1	0.112196838149	0.0318490277152	0.268145232984	0.35730450825	0.0119285996047	0.488437358653
PEBB	5	7.98219044416e-10	2.65312702795e-24	0.00855361538702	0.217777715524	5.89475422985e-19	0.11123040627
PPARA	4	0.000238270967828	9.54094151741e-07	0.0705864025323	0.270151050337	1.35020307674e-10	0.312635008687
ING1	2	7.54568479876e-09	4.16474850684e-20	0.0304759981019	0.293688193902	1.64568214583e-19	0.398762338021
PHX2A	1	0.213274324475	0.285946532548	0.0877990964393	0.482472337442	0.299381810904	0.121680270086
PSIP1	3	0.357337428478	0.296137771043	0.338867397125	0.310607170059	0.433025206372	0.431662473118
TFAP4	1	3.20012674694e-08	1.18350491913e-16	0.173654729732	0.366068483463	1.65955988602e-20	0.2687967082
PTF1A	8	0.160088015706	0.0531699841238	0.283545311307	0.37644900818	0.0466669805468	0.396998849072
RING2	44	0.00397424855435	0.00187988298912	0.0518956804995	0.304748747364	9.11115381489e-07	0.0366014076185
RING1	2	0.000337061237181	2.67321813232e-07	0.123319459039	0.195578700003	3.54504451828e-09	0.19034207304
PRDM4	4	0.118033633482	0.0594174315979	0.131923444753	0.298472115103	0.0238541135388	0.410512115424
PRDM5	1	0.188750555835	0.369531201366	0.194883803744	0.156000625666	0.146517604948	0.145545299309
CBP	14	3.56992262061e-06	5.12105418278e-15	0.179453280421	0.468529688326	3.47769708938e-12	0.387216962715
PRDM1	3	0.030958357017	0.000757709764336	0.253780073701	0.488369048728	0.00071369544646	0.424295143256
TF2L1	1	0.0123699487472	0.000839542207951	0.300832793988	0.481728193326	2.29661586762e-05	0.103652877551
PRDM9	1	0.247518673986	0.111457184511	0.257191833169	0.358169207121	0.420161497777	0.21536251211
ASH2L	2	1.547380783e-09	1.58590885062e-23	0.176268598167	0.44095201479	1.92271991268e-20	0.374304860158
SMAD4	2	0.119183187791	0.00292564141874	0.284838798946	0.49557081516	0.128523543514	0.453071069738
TLE1	1	0.0234145504319	0.0367629124492	0.29815978034	0.274420344338	0.000101277473267	0.0231015428489
SMAD1	8	0.0270524683757	3.49784462542e-05	0.0635505831507	0.331624980029	0.0625357976699	0.314295747689
SMAD2	2	0.154787170476	0.378678507571	0.246204313799	0.355913067927	0.0565099905809	0.0473848295735
SMAD3	11	2.92463152519e-05	3.14893673817e-09	0.040298372198	0.14907475807	2.75865984362e-12	0.410017203578
REL	5	0.0103317585585	0.000237989448057	0.375213123187	0.477793311053	0.000271592791232	0.0101596142362
UTF1	3	0.000949213434772	3.68802200456e-05	0.263784481907	0.454733247932	9.66964968987e-10	0.180139596542
NCOA3	1	0.400798974216	0.351428212793	0.342684290856	0.398614042394	0.46175182845	0.46659595429
NCOA1	1	0.0242903789739	0.000580928873022	0.0407720605853	0.238075194418	0.0035378577879	0.423868664083
KANL3	4	5.21822783336e-08	1.17823139243e-15	0.000302764855648	0.0560722870952	4.00258671539e-12	4.83270307972e-06
SMC3	12	3.92473504277e-05	9.68967953897e-06	0.374313246785	0.140486908414	1.54324199362e-14	0.0118423315594
SMC5	5	9.40144579938e-12	8.63346089178e-26	0.316592289888	0.314086348041	1.00845193824e-26	0.000848366885007
PO2F2	1	0.112411567399	0.00315620384942	0.323875428292	0.421147672911	0.123549035195	0.337472359441
ELL3	1	0.00328712026424	9.56474332254e-07	0.138498466404	0.256554731097	4.98719598625e-05	0.226424397525
ELL2	3	0.0153976396022	2.57920411085e-07	0.377913557615	0.447895815797	0.0580563781493	0.341480275017
MECP2	8	0.0795368547547	0.393414060121	0.339583782687	0.184972897585	0.0166446014244	0.00773862401501
RXRA	33	2.13395119722e-08	1.71304444495e-17	0.0192453807933	0.158671122004	2.54261008668e-19	0.332697561251
SPIB	2	8.6959747477e-10	1.62671516881e-25	0.48634651553	0.28018927165	3.92914669737e-19	0.057093185953
OLIG2	2	0.171066442345	0.0401162965378	0.415592707733	0.310634534373	0.0830256764541	0.340700842162
YAP1	1	0.406054997614	0.45642868829	0.370809895423	0.498316661257	0.372537576216	0.35133754198
MSGN1	1	0.287281697959	0.197117985421	0.328171697978	0.456773121706	0.171152560118	0.386926503414
CXXC1	1	6.0084632685e-06	8.49725729548e-12	0.124698937907	0.481279877953	2.57988412327e-13	0.0595220150214
TBP	13	1.12485780937e-10	8.95725483606e-25	0.0512490514815	0.30532377264	8.20028480516e-24	0.156688751704
UBP16	3	0.042917704784	0.00230689744189	0.0163715109088	0.256317071696	0.173605467683	0.0866412000896
DNJC2	1	0.305371633427	0.439936668812	0.151062545184	0.247531791658	0.493030742881	0.327409679825
MYF5	1	0.147557297128	0.219585874191	0.451082314507	0.40386148392	0.0181545380726	0.0963220281683
MCRS1	2	6.79509313745e-06	4.01565994646e-10	0.0630763202737	0.365151475324	6.77366987618e-13	0.00231236668609
ERG	7	1.58646596789e-13	1.86968834624e-35	0.000152914436164	0.0562775773256	1.47423602349e-23	0.0423675821278
FIZ1	1	0.0206968826333	0.00261396692308	0.259959462709	0.424837272397	2.74164266492e-05	0.479827908331
HAND1	1	0.328799257322	0.263834496612	0.339885483958	0.243414581023	0.381116040588	0.461940590938
HAND2	3	0.176109331466	0.335489399131	0.487048991898	0.491562650239	0.119780484188	0.017607408911
MITF	1	0.0215066976944	0.000268840565931	0.483857173602	0.253203480275	0.00128489285099	0.10872266371
MYOG	8	7.64371230733e-06	2.66950852462e-11	0.0117703400506	0.24334383942	1.88305802979e-12	0.181224655222
GFI1B	1	0.00419585076967	0.000413366038184	0.110632765948	0.426659286575	1.22225854182e-05	0.00545302289717
MYOD1	20	0.000153861737406	5.10002540848e-09	0.0418462163132	0.294994486397	5.08167667013e-09	0.269527881454
UBF1	3	9.82355432131e-09	1.65504378797e-18	0.00358717125187	0.411962241988	5.90205390487e-19	0.063375452236
SPI1	113	3.05592269191e-16	6.7611755779e-35	0.488303651308	0.155200545781	5.26190000672e-40	0.000988470689419
DMRTB	1	0.000982343959413	5.8089379633e-07	0.0470241650262	0.263436760374	3.72655817708e-07	0.34112675333
KLF5	4	1.43451051983e-06	3.06875921281e-12	0.0147009181745	0.0986392632552	5.72712956243e-15	0.238355175155
KLF4	16	2.09888790773e-08	9.76623642353e-18	0.0686940392072	0.238025594545	1.76669666113e-19	0.144382412172
KLF3	3	6.86488092585e-05	1.1685083969e-11	0.217259821297	0.475127093486	5.14376460186e-09	0.245732673664
KLF2	1	0.0432793171505	0.00459772857057	0.210477470587	0.276053612629	0.0067444748372	0.0842774683773
KLF1	3	2.78634302222e-09	3.95340118015e-25	0.0116016531654	0.167525371163	4.55577807373e-15	0.0479776518814
CNOT3	1	0.178006048373	0.168454301714	0.197183774054	0.257000224547	0.320551441	0.0653114430194
RYBP	4	0.00147393773448	6.15754628927e-05	0.217181191019	0.44034049856	4.46791686806e-09	0.264406469771
P53	10	0.000488445955632	8.76347670013e-08	0.112739198217	0.374349842993	3.12115924236e-08	0.240844996997
BMI1	3	0.102423806906	0.165559623508	0.250903994354	0.244759461628	0.160659275319	0.00690076551211
REST	12	0.0210660962001	0.00095211184959	0.166224593472	0.241726463308	0.00049124330743	0.220757883219
E4F1	2	0.115473514995	0.411273695329	0.389651061294	0.259479509647	0.0894140715578	0.00552199733399
E2F4	16	2.54956595435e-10	1.29831920623e-15	0.0611678710769	0.222192068404	7.90592019409e-30	0.00772227797721
E2F3	2	4.33733412682e-06	7.6435922819e-12	0.00953172705733	0.285866684819	2.10658331551e-13	0.349867096072
E2F2	3	0.00115776854618	0.0111681421322	0.28788049407	0.32010547242	7.38776541337e-10	0.00273595762093
E2F1	5	6.84923340922e-13	3.78580641448e-28	0.0955240077337	0.235152482274	8.93677139401e-29	0.000198339255202
MBD4	4	0.231492317223	0.291242139996	0.36216429566	0.407028749625	0.038081637766	0.406614031564
MBD1	9	0.0301053711495	0.066025760099	0.458622372556	0.435429052523	9.85609722522e-06	0.190295667552
MBD3	15	0.000207683216563	1.38410159381e-07	0.190452037047	0.426583295032	2.85442955096e-10	0.120373321139
MBD2	6	0.126834943572	0.373851648624	0.210580188125	0.188453942305	0.0410218085203	0.0539333951794
AICDA	3	5.70310110631e-08	7.42467875142e-18	0.28409299547	0.408190041113	2.08259523391e-18	0.336472741283
STAT4	3	2.13631025907e-14	4.95822782317e-32	0.320949112236	0.278949678398	5.94716867309e-31	1.68547708507e-06
RARA	8	8.77400672181e-09	1.6495262075e-18	0.00392245313502	0.13979804096	9.99799987129e-19	0.0574987784399
RARB	4	1.63438914138e-07	4.79387280518e-15	0.0109731912565	0.0931691922485	3.08477539346e-16	0.0771368691103
RARG	6	0.0293227141791	0.00348556008552	0.00921007659041	0.109771880394	0.0931954097407	0.0660084286599
HDAC6	2	0.234532610088	0.0508389263584	0.282022453921	0.423298599332	0.255426385534	0.457744924239
SIX1	3	0.00118468309935	0.0001104994442	0.473032047796	0.250088980186	1.76744637675e-08	0.0100999565088
SIX2	2	0.178043276115	0.0601978273213	0.491073335746	0.480855155493	0.0634015465682	0.198511918263
THB	5	0.000100432125882	2.15212022459e-08	0.18253153115	0.428876070776	2.07368841289e-11	0.292471489067
BMAL1	15	0.00461612426417	0.000388535831329	0.00276765780236	0.0168437353205	0.00337728201209	0.0342640151107
NKX32	2	0.00379384108226	0.000202902646899	0.0206857864142	0.0903362627535	5.61167008586e-06	0.369387058898
NKX31	4	0.00550944539522	9.36257890374e-06	0.0248072611511	0.225303228598	0.000202778562307	0.478382904418
HXC9	3	0.112613781648	0.0260839803344	0.448337293848	0.275641738135	0.0127634722821	0.440215331246
RB	1	0.277845638095	0.476747075698	0.32758796096	0.403149386644	0.103559984649	0.253947513276
FEZF2	2	5.46318013243e-06	3.43056549088e-10	0.0145115495197	0.151065459699	1.62976403546e-13	0.0397061878128
RELB	5	1.15810722536e-05	1.95471983534e-09	0.317277618067	0.449962672508	2.21413741267e-09	3.37162170912e-07
USF2	3	4.51775484605e-05	1.78689046466e-11	0.173959205984	0.463520619864	4.4008348455e-10	0.296799950921
WT1	4	4.96750054814e-06	1.11934084893e-10	0.00194842405666	0.163062162959	7.70694967493e-13	0.110359077237
RBPJL	2	0.0160710268441	0.00170804644177	0.102255005264	0.250452230681	0.000994325374249	0.0246479302147
DPY30	1	0.000229799431942	7.68678970904e-06	0.0501274921864	0.29303004394	5.49299913921e-10	0.0103324210318
LDB1	4	5.7323796385e-06	8.17549713169e-13	0.29138735302	0.320425392783	1.24905235857e-12	0.0649205642215
SUV91	1	0.0573872864879	0.473765103343	0.025270145756	0.0497129715964	0.0598155973548	0.0174833022854
SUV92	1	0.379608707165	0.406588451301	0.357818400512	0.375240410116	0.315928860344	0.457050528231
SNAI1	1	0.363192759059	0.486647593281	0.227798668318	0.429222376876	0.308138894591	0.431013894806
RFX6	1	0.213182733614	0.0604641221876	0.403592856822	0.343502635205	0.133111174949	0.394615664424
RFX1	1	5.18018321099e-05	1.71054451541e-08	0.0260659011031	0.289914333683	7.6103270014e-12	0.379180041846
FOXP3	8	7.32874700359e-17	2.33118226497e-46	0.0143208022962	0.279553868572	9.37266371337e-29	2.41699931271e-05
EZH1	8	0.0645438859901	0.320447411023	0.393504936986	0.404439981996	0.0137712261727	0.00159493100603
MSL1	2	0.0194783525382	0.000106237721732	0.0336833856351	0.288664727179	0.00593271555556	0.45752979077
MSL2	4	9.37171908376e-07	2.23105796611e-13	4.66763792893e-06	0.011084782516	4.06085010553e-10	0.154221229442
TWST1	3	0.212246418799	0.0689527007036	0.246348897804	0.292852181915	0.202797718975	0.426961210833
MED1	37	5.69834847761e-13	1.33608433264e-33	0.0104615019763	0.226654921909	4.02347981679e-26	0.471357182108
PRGC1	1	0.152176098928	0.0207423717827	0.295891198227	0.449796302655	0.0634490328609	0.465908769226
ZFP384	3	1.86944048671e-06	3.18422559545e-13	0.345180970719	0.243413397236	1.75855396465e-14	0.0485296733027
RUNX2	7	4.04614546067e-08	5.28225511159e-17	0.0255843247139	0.10650549806	9.16364736614e-18	0.0822192919428
DNM3B	9	0.094320082922	0.0406266169309	0.186879036361	0.331535739037	0.00845494745258	0.350758625849
MKL1	1	0.385446649373	0.440116970071	0.496843853087	0.464255290782	0.241151061164	0.347525997968
MKL2	2	0.415578913062	0.456302687065	0.462513783063	0.454941815615	0.439345834945	0.293851179694
RUNX1	21	4.03425694702e-15	9.11413427949e-39	0.0371390858532	0.334914904164	4.17860360478e-31	0.0225582547001
CBX1	2	0.331047017869	0.4367302735	0.432258287881	0.436560099641	0.345016412059	0.139832453938
SP16H	1	0.275626669847	0.128352550839	0.424961229144	0.260718305424	0.446929995466	0.250288760904
TCF7	5	3.96835968452e-14	4.03703891221e-37	0.00294901229644	0.219506408491	1.40337214702e-27	0.268346273555
NDF1	1	1.64708422138e-05	3.45145106777e-09	0.126911389898	0.413132949268	6.24589147349e-14	0.107248801018
NDF2	2	0.0102899880674	6.70154122539e-05	0.380348131986	0.29395559808	4.00730618397e-05	0.384223667066
GCR	33	2.84022073017e-08	2.66712966254e-13	0.19883882011	0.13331981607	3.66755513015e-20	7.12760790993e-05
NR6A1	2	0.00177569548883	1.5733109415e-06	0.43106127676	0.44310350992	1.33074717716e-07	0.441456727102
IRF3	2	6.88115427782e-11	1.05425424013e-28	0.062872054469	0.207394669443	2.09571040452e-20	0.0535518658689
IRF2	4	0.0235090502241	0.00913439924932	0.0170080233213	0.296897411983	0.0314066958328	0.0049569315967
IRF1	7	3.14522923402e-18	1.07322635086e-33	0.0108170328699	0.0291746694035	3.02555130102e-38	3.00366557317e-14
IRF4	52	2.30806312639e-19	5.01153579678e-45	0.178847954578	0.455504579189	2.54705479847e-44	6.29872377839e-05
TIF1B	9	0.000185071884644	1.14411969629e-06	0.175292951546	0.351324079093	7.70340157947e-12	0.40001462237
IRF8	10	2.10064521781e-10	3.94026376344e-10	4.39781137358e-05	0.00928789949001	7.32645537018e-19	3.46888770001e-15
PO5F1	52	1.998481705e-07	9.71657153212e-14	0.0240331025573	0.22030422797	2.16967601774e-18	0.285601360466
MEF2A	2	0.16088359908	0.226579913141	0.1378162221	0.37263745155	0.0713484518314	0.129827311671
CREM	1	5.70585147347e-06	9.25249820628e-14	0.0146436332533	0.218930611409	1.11195087843e-10	0.183359057272
MEF2D	11	0.00023576867458	4.71188189393e-08	0.0250747665205	0.475733239183	1.58084373188e-08	0.0819873365837
TF65	38	5.91726450778e-16	3.6333130114e-34	0.389453664723	0.223046536592	4.84701465116e-39	0.000474216313568
HDAC1	5	0.00726039429392	0.000530613768258	0.46916522349	0.399609862223	9.86145538046e-07	0.205645634365
HDAC3	10	4.23977169836e-07	1.12028082931e-13	0.464557816227	0.234466567107	8.81959579407e-17	0.012729638635
HDAC2	2	0.0546841404223	0.203008394677	0.312082650305	0.295018779064	0.000517943727372	0.050511595603
CLOCK	9	0.0333652740284	0.000624738631608	0.177364675707	0.272647890608	0.0308089160634	0.044425203725
RCOR3	1	0.24394086809	0.379214848842	0.146115760086	0.111120286938	0.29296269296	0.478888883037
RCOR2	1	0.178248174011	0.410450217441	0.252023010004	0.430867422548	0.0283837461119	0.14223660951
RCOR1	4	1.92815911097e-07	1.48753247e-14	0.461111407295	0.106499649114	3.7948274622e-16	0.000961394895814
CBX8	3	0.000165323428354	2.63624218794e-09	0.0496925505466	0.191477412883	1.61476754064e-08	0.304907325235
CBX7	4	0.123103383257	0.0284046933482	0.177008966294	0.218702379562	0.201411340849	0.127651859104
CBX5	3	0.155047718345	0.454931103873	0.162545261254	0.332670536845	0.0503817656814	0.072296826086
CBX3	4	2.03448020795e-06	4.43747538798e-13	0.0488266173572	0.353257705536	3.07649259769e-14	0.148022328854
SMBT1	2	1.71451773798e-06	9.0199748725e-14	0.000194266537812	0.0488070562896	7.58770544512e-10	0.0228303992793
COE1	9	7.2135631781e-09	3.26231986222e-21	0.201329595969	0.431003726279	4.19493401633e-19	0.164478401953
SMCA5	2	3.69458273367e-05	2.38704033317e-10	0.370154422159	0.255452865628	1.06425913328e-11	0.286566960366
SMCA4	22	1.09280163995e-11	8.78935691115e-26	0.0558504422429	0.455161529274	1.16790441599e-25	0.000597241703102
PO3F1	1	0.00627269491925	9.86654591821e-05	0.00150052346415	0.0825640058515	0.00262601887811	0.302534073923
PO3F2	3	0.132036272555	0.0918790434993	0.186629606356	0.206870837423	0.0586830712923	0.192777864114
MYT1L	1	0.271586441815	0.129213415604	0.353604984443	0.435306425939	0.284094196168	0.261491153892
TBX19	1	0.00108867265357	7.44014808505e-08	0.273249873314	0.143291954579	1.15344045893e-06	0.455122213906
PRGR	5	2.09813113318e-07	7.03506921499e-15	0.0167345046706	0.279846081897	2.76743307971e-17	0.445949360241
TET1	14	0.000716316054908	6.72799066193e-05	0.116463284541	0.491728634101	3.56276184432e-10	0.137384178317
ASCL1	7	0.0662959404583	0.0176940038691	0.181020242385	0.400244368931	0.00414298415889	0.241125374802
MTOR	1	0.0110421373601	0.000759980946164	0.0320868366962	0.201665275728	0.000301538991983	0.110703541697
HIF1A	6	2.01594996657e-12	2.9515610138e-35	0.0133879023765	0.352923913069	9.39609211714e-22	0.254100835133
EP300	83	1.03329708159e-18	1.61007838035e-44	0.0427995640505	0.428528675073	3.32602972414e-43	0.0119931602266
TAF7L	3	5.43610140975e-08	3.26868022341e-16	0.00159783944091	0.0983608874577	5.4294682849e-16	0.0170197210435
RAD51	3	0.163548635285	0.273475429087	0.114000645142	0.190932589925	0.162793313081	0.120751455932
CDK8	1	3.07755515478e-05	1.44979783419e-08	0.0878428380611	0.349424563832	3.04692057776e-13	0.203610820372
CDK9	4	2.00950716853e-06	1.20555116675e-13	0.0541816520527	0.331863765565	8.30071937114e-14	0.182110228802
NRF1	2	0.00077724165026	9.89090077269e-09	0.303914565416	0.395703915639	7.63109540187e-07	0.312489720565
PHF19	4	0.0271858776948	0.0104047869121	0.252245068791	0.423328020051	0.160622329918	8.32104712982e-05
NFYC	1	0.0148318039172	0.0024975219648	0.396525217651	0.489023009699	5.99045674487e-06	0.247400468106
NFYB	1	0.0113255351755	0.000450175719115	0.173383960756	0.298737602831	2.57091017865e-05	0.310832115498
NFYA	7	0.00045111269927	2.98034899599e-07	0.223350139747	0.474979213836	1.25147934552e-09	0.47214307443
EZH2	44	0.013567482178	0.000514098450637	0.115149859152	0.371760849481	0.274758479807	7.60276971513e-05
PITX2	1	0.000539487635918	1.95205235872e-08	0.0260718510677	0.195539533272	1.35662056596e-06	0.33849415959
NR1D1	4	1.81764651372e-05	7.96937718157e-12	0.0266312139042	0.170607578475	1.41326084289e-10	0.387713701704
NR1D2	2	2.20025948515e-08	9.08869365467e-18	0.325539956938	0.340863443883	2.21961352565e-19	0.0230359407218
PITX1	2	0.0117102610099	0.00314289696565	0.0316635581647	0.293203020654	3.68926667475e-05	0.204566505467
SOX6	2	0.275012187003	0.444023588817	0.3021218989	0.350425335746	0.459424797888	0.0728385881888
SOX4	1	8.7318724317e-09	1.6351219162e-22	0.00179650165613	0.164102174817	3.30172658045e-15	0.318936120373
CEBPB	56	3.99944777173e-11	6.99933218616e-22	0.490575219225	0.190581836833	1.16999776086e-28	0.0133650749254
CEBPA	36	3.42755615033e-11	5.90033673657e-23	0.436366614512	0.166395737443	1.88750575538e-28	0.0585011084961
CEBPD	9	0.000390713459237	4.46117839219e-07	0.13221762882	0.0583052771682	4.16398603162e-07	0.00635822331822
KDM4C	5	2.64587047526e-05	2.15289236919e-07	0.00799888206851	0.137764622522	4.44149879384e-12	0.0123062018225
KDM4B	1	0.000101826258484	2.59341527724e-09	0.185555822049	0.438493763734	2.01558592678e-10	0.257387553928
MED12	4	0.00162831320268	7.22269511899e-07	0.0397254915475	0.406924760786	1.46558673357e-05	0.0668952862547
ETS1	7	3.62127677429e-20	2.75626224038e-54	0.0218329484707	0.46466015759	1.35177096244e-39	0.00164754438145
SUZ12	60	0.0122977100999	0.0322987735591	0.0724846852386	0.356079150372	0.00791359523731	4.26352277785e-05
PPARG	24	1.52556363092e-07	1.73593870843e-16	0.0442102347922	0.214791730353	7.71889095427e-16	0.0649414471899
SCML2	2	0.191653893484	0.203963511722	0.142412090991	0.137776820008	0.42546971784	0.151860238086
COT2	1	0.202419246608	0.100279758547	0.288337612972	0.287721495499	0.319316161818	0.127923764959
PBX1	2	0.0134052883332	0.000137412201488	0.36076648002	0.448696458195	4.04546990539e-05	0.481069369318
SOX11	3	0.284858358007	0.206462580139	0.247196584836	0.474531886983	0.354129518719	0.218692296926
FOXL2	1	0.0524853389754	0.0117067744793	0.42969734998	0.250929055411	0.00174397545273	0.180925084939
TGIF1	4	1.41079760097e-10	3.29848349703e-25	0.290183667227	0.218631580805	2.19540692003e-23	0.121648948203
HSF1	5	0.000401017489718	8.37621387381e-05	0.0809547023795	0.229378636829	1.00314990564e-06	6.64672832384e-06
ZFX	1	7.12719980619e-06	1.75419218501e-14	0.0247977959864	0.184449120774	4.97425733066e-09	0.0460786320922
TBX21	4	9.11793749144e-14	8.53447726734e-32	0.00985440119294	0.473163803641	2.79386828053e-26	5.66837333145e-07
TBX20	1	0.129501315884	0.0172374024435	0.0583002352607	0.240595757972	0.421268215659	0.357587327323
OGT1	2	5.45380740658e-08	1.70040211718e-19	0.0726272112175	0.397769283673	1.32584576392e-15	0.0740838823022
PKNX2	1	0.0445890422634	0.000768930325558	0.393361356081	0.262206804628	0.0306524628195	0.0725024540463
PKNX1	1	0.000492435982396	1.03146493266e-08	0.266169319116	0.142518028721	2.57913002034e-07	0.286941518711
RORG	9	4.64024477927e-11	2.82006483811e-30	0.168212543171	0.491600615878	1.16598374298e-20	0.0791192332716
RORA	1	0.000656024422848	1.05651760026e-06	0.407064325847	0.301917019932	7.38385159025e-09	0.126732996683
BRDT	2	0.134982993327	0.0994235933913	0.405073440678	0.490496048074	0.00462242876907	0.49075678062
BRCA1	5	2.74046675163e-10	9.73059769985e-21	0.353613564509	0.15238486998	2.6567517943e-25	0.0110958715899
ETS2	5	1.04177659206e-07	3.89588435318e-14	0.0115360139355	0.0482765561882	3.45445279182e-15	0.00016371768759
CREB1	13	1.7734427289e-08	5.89080491163e-21	0.0561455536432	0.10466821372	4.6915604502e-15	0.0108009934375
NFAC1	2	0.209717192457	0.0497999224749	0.224011137447	0.391304517854	0.193343330123	0.480648775989
PER2	1	0.0196283307377	0.00114738357281	0.0757394936756	0.288937368751	0.000697238954704	0.166418059749
PER1	1	0.0376496638478	0.0126920476717	0.0160081914754	0.12236555198	0.0285631166103	0.106528738325
NFAC2	1	0.00167682210586	8.38485336316e-05	0.264875856375	0.115584407065	6.65352760023e-07	0.00776150417849
BRD4	6	4.33562007898e-13	6.56294469612e-35	0.0197054480973	0.309687364525	2.56962042876e-25	0.148860191172
ZC11A	3	0.0110288164028	0.491769312986	0.206279396743	0.0499488598306	1.84577576662e-05	0.00174470794596
THA	1	0.145830881708	0.14303539901	0.390033280746	0.411829502454	0.00642212364723	0.446998629885
KAT8	10	8.92737524483e-08	1.41611598967e-14	0.00389879875293	0.124246997354	1.01248888858e-12	8.16419062639e-07
KAT5	3	0.00029623489966	2.21359006894e-10	0.113873196207	0.23190559977	9.13388945446e-07	0.42726312614
RBBP5	5	9.50097281979e-09	6.53740509918e-17	2.0373200255e-06	0.0324249366772	1.13534143712e-16	0.15789562674
FOXA1	10	9.35863382091e-06	1.76596986238e-09	0.00174202402825	0.147462044884	1.92771044006e-12	0.0820923699599
RUNX3	6	9.63841768296e-18	3.42419159381e-44	0.00325825127626	0.117287790796	1.23495212919e-36	0.00514734352094
DNM3A	6	0.064495279524	0.490725020659	0.0907125009933	0.0786066468574	0.378901459079	0.000841683387205
FOXA2	12	1.03576646163e-05	4.67702286989e-08	0.0505601578102	0.244832328483	1.21304896527e-15	0.169740005812
PRD14	1	0.0079512062968	0.000347784911057	0.148859918754	0.216953210719	4.17239255004e-05	0.067814935212
PRD16	4	0.13326057099	0.126183106849	0.474755623566	0.358074013838	0.0107167201899	0.182810997682
NKX25	2	0.0118319189556	0.000536400042485	0.108978889025	0.29144750247	0.000194754738789	0.0698869970123
SPT6H	2	2.45487573365e-05	2.83953105258e-11	0.0417801268063	0.129125885218	1.74769378773e-10	0.333006364662
NKX21	4	3.19343018413e-05	1.16712925231e-10	0.0860429932583	0.292406460253	3.66489285202e-11	0.308606038587
DNM3L	2	0.0269843438852	0.499215570428	0.0965536992885	0.0873819824673	0.0176098126516	0.000192897076161
CRX	5	0.00112321613868	7.38832924881e-06	0.00354906778332	0.0623694156235	0.000404964785245	0.00269939976103
KAT2A	4	2.57485857183e-08	5.98392381429e-22	0.0834568211581	0.457277765823	1.6751461943e-14	0.0295859966834
SRSF1	2	0.429407254617	0.488472906335	0.484801215216	0.403370515166	0.340122537326	0.449369039059
SRSF2	3	0.0980429399347	0.012061747786	0.171076247084	0.349944034477	0.142648494745	0.0879459577439
EGR2	11	3.9807752941e-11	6.71540329723e-28	0.00524776557178	0.138445178654	4.12642061575e-22	0.496524245802
EGR1	5	0.000196897402784	2.21848814481e-11	0.187888940194	0.420781184088	3.8310827655e-07	0.440416684071
JUN	13	1.04249854459e-11	2.71245451786e-29	0.449208201645	0.208602221558	1.02161936151e-24	0.0474197326071
MEIS1	13	6.56653292463e-11	6.35011612594e-23	0.25108628365	0.380500542372	4.35043360618e-27	0.0462581382173
SIR1	3	2.3328066072e-06	1.58704050121e-12	0.0969669482178	0.245946582128	7.95820214489e-15	0.229364493236
SIR6	11	3.22096687784e-07	9.07211270568e-14	0.0234436008666	0.205818803125	2.82606874991e-16	0.0280240415005
NFE2	4	0.01333772056	1.83871447909e-05	0.393116578689	0.181990372578	0.00172156984945	0.186380019795
FOS	13	2.15283011332e-07	2.96364360679e-16	0.0235920001402	0.124758464995	1.5633222047e-15	0.33910917519
SMRC2	2	0.0977253404425	0.327739117704	0.231747586651	0.247724487761	0.12102124113	0.0039143703956
PARP1	1	0.331812404605	0.350837856589	0.481405247592	0.462216183447	0.174711359919	0.29490322954
ZN335	6	0.105017241472	0.0126919175793	0.171241879257	0.215604154119	0.247168814235	0.110284633634
PAX5	12	3.02743812484e-13	2.55305923496e-30	0.0487759541819	0.313895641189	1.66167895216e-27	3.9154105754e-05
PAX7	1	0.0807147818425	0.0114151848814	0.236892299042	0.364696775148	0.0390031505925	0.0890635252299
PAX6	4	0.00044448160454	1.35808343482e-06	0.0878062577513	0.374923625636	9.05456652026e-10	0.428555000736
PAX3	1	0.185986645682	0.309715795378	0.370572336195	0.328083129375	0.155661488635	0.0379670960557
TAF9B	1	0.0332542775149	0.00596399284097	0.261980424691	0.342432724746	0.00125830226677	0.0604047912728
PWP1	1	0.0798138622239	0.04364312229	0.326017930034	0.380617856911	0.00398478615133	0.150085991036
ESR1	27	4.2798578035e-07	3.11982498073e-14	0.0663406193509	0.304582337543	1.62968128627e-16	0.139775016802
INSM1	1	7.40157153982e-05	2.11351140871e-07	0.0589824946658	0.304972551199	3.34875196359e-12	0.174481038782
MYCN	1	0.00152218416419	1.40429277428e-10	0.3762853837	0.351557344723	0.0254994322079	0.0172517955015
SRBP2	1	0.000251601557186	4.73700026121e-08	0.00325921807183	0.255429444487	6.61877013786e-08	0.386279390296
SRBP1	6	0.397593514846	0.402610300582	0.422946410352	0.416786819961	0.389255698327	0.359647693137
TYY1	5	6.3111930651e-10	1.23459069793e-24	0.00227989164565	0.187244349486	1.81136481673e-18	0.104883089788
ZBT17	8	8.74679906493e-10	1.14392532105e-21	0.00941787013817	0.461348631881	5.69561978984e-21	0.0180852764118
TBX5	1	1.83785275937e-05	1.25646293473e-08	0.0295123605728	0.185754543808	1.34323863586e-13	0.226624741934
STAT6	10	1.68471232115e-16	8.37738665638e-36	0.239131289229	0.1094430203	1.93240681218e-36	3.20329668973e-07
EHMT2	2	0.000870821905322	0.056401380485	0.172497562127	0.192900563541	6.68948846655e-08	3.98884925667e-06
STAT3	41	2.99454054709e-21	3.49545261571e-52	0.126922142658	0.343423665156	9.78606153556e-46	1.61499809453e-05
STAT2	7	2.25819558275e-13	1.88332981589e-21	0.0104625760021	0.055451341381	3.4588682218e-31	1.55380561793e-09
STAT1	42	3.42842315223e-24	2.10037151308e-46	0.00300863400155	0.0190019097407	2.00020525729e-56	1.97212665144e-12
FOSL1	1	0.159931725001	0.102551132606	0.497635228149	0.238219891529	0.0333688932261	0.257929908771
FOSL2	6	2.97627371991e-11	2.89442139808e-24	0.192638009102	0.494921879655	1.10068455588e-25	0.000768884454297
ANDR	18	0.0055055010575	0.00122886080643	0.0829905984714	0.0162176619388	9.70283971421e-05	0.03151850156
SRF	16	5.48937633811e-08	5.72732525661e-18	0.0155790714043	0.201018425903	2.26379930179e-16	0.122757440537
SALL4	6	2.61439123568e-07	7.17934014813e-15	0.130158833884	0.497748440723	9.60454597259e-17	0.0273405953816
USF1	3	0.000352437862274	2.92594389954e-08	0.143845369982	0.149766948921	1.44280250171e-07	0.059789929337
ATRX	6	1.13101799076e-05	1.69673314411e-11	0.00160888699501	0.222372831157	6.99523692773e-11	0.435837231555
NKX61	1	1.57182907722e-05	4.19453125135e-11	0.102652553503	0.362305765499	2.69653691856e-12	0.228082405828
GM6871	1	0.232336853669	0.430664994515	0.160186212991	0.14474026923	0.338354656932	0.200384570336
TDG	1	0.00115513776162	5.5173108479e-05	0.258778466036	0.432666564171	8.23608161656e-10	0.404240053293
TF2B	5	1.0814294331e-09	1.08363720723e-22	0.0214915532501	0.201386380353	2.34304834876e-20	0.134594672049
MAFK	4	0.000482041460373	1.48285933081e-07	0.182953119621	0.122486838812	2.01742954115e-07	0.0388234737685
SOX9	1	0.274282151451	0.0943024728765	0.354477217246	0.462065122537	0.216892056245	0.463371686355
AFF4	4	0.000625257651268	5.21511625594e-13	0.201159913653	0.273232454154	0.0218664519036	0.152468117283
GABPA	2	0.000364022003	1.3778074101e-08	0.0328413626463	0.217605016701	1.06932923752e-06	0.0607083103357
T2EB	2	2.00079182153e-08	9.72289989689e-21	0.0115467572454	0.111727267149	5.98384074304e-15	0.0427183495436
MYBA	2	0.000406680413005	3.77307274495e-07	0.353836438105	0.414880675202	5.05254498809e-10	0.397498186128
FOXO3	1	0.0770339626085	0.0168359186935	0.134822820143	0.331776080657	0.00725500546286	0.49651017056
SOX2	30	3.72299392956e-08	2.58660009814e-16	0.0833663904624	0.469474408298	1.88638346652e-20	0.374541070996
FOXO1	10	3.37983849966e-18	3.00761715512e-43	1.64957900524e-05	0.267322302033	2.85894054895e-36	0.000116317150053
CNDD3	4	2.06919861964e-07	2.47131845955e-16	0.0284253755997	0.31897295606	4.99201415789e-15	0.0339114455864
SOX3	6	0.000284122103294	1.30222074762e-08	0.127657164473	0.447027011461	3.51021498722e-08	0.0709786637014
TEAD2	2	0.130370235359	0.242969536629	0.0854798322908	0.0797834308269	0.151872214421	0.149653103554
TEAD1	1	0.000299112606275	0.000142486305966	0.273897878282	0.166147614493	1.83414100627e-08	2.01319090145e-05
TEAD4	3	0.000217109588084	1.38177044665e-10	0.458566210986	0.228569798844	9.220279768e-08	0.361238575584
NPAS4	3	0.260472783566	0.263309741183	0.469852776381	0.373494988231	0.0727095385752	0.356867390449
NPAS2	1	0.0909028712702	0.0764341913619	0.159675605827	0.104071542487	0.44752783566	0.0109196750112
NIPBL	4	2.63674076009e-09	6.58875519873e-20	0.0264196319761	0.299315323045	1.16584379632e-21	0.209815569338
ZFP42	1	0.0878376786349	0.00641100783157	0.215373134161	0.120242852079	0.104575234813	0.301160698727
DMC1	23	0.000764921559183	1.60771825211e-05	0.0864306930233	0.29465792182	1.55643763257e-09	0.410919476418
HXA9	3	0.099766491538	0.0042528631935	0.211899315042	0.377927071136	0.0719576964035	0.403299125145
RBTN2	2	9.08311608373e-06	1.4116973995e-12	0.307473698513	0.242602987364	6.12392442193e-12	0.0958735413899
KMT2C	7	5.25762639209e-08	4.12865506341e-16	0.060446933637	0.307812511808	8.84533594762e-19	0.0591241803285
KMT2B	3	0.000112437559676	2.04276680012e-06	0.019970926978	0.198861457051	1.3779983564e-10	0.0160746203518
KMT2A	7	3.53426437256e-06	6.77898573623e-12	0.410066590862	0.215012898448	5.60286090044e-14	0.0164665152963
KMT2E	1	0.199917541001	0.147654311773	0.490198036528	0.468905996949	0.0263861291218	0.356595070306
KMT2D	13	3.77726988939e-08	4.20220926776e-18	0.0220687734585	0.25255736984	1.07583528699e-17	0.305160543413
HCFC1	4	6.17979680679e-10	1.9800209757e-21	0.0205687493969	0.213768459547	7.6510622163e-22	0.013530939086
ARX	2	0.0398555413948	0.240826991473	0.12546934686	0.0506186970565	0.0490577354218	0.00134023917576
CTCFL	1	0.100217460474	0.0411071751917	0.4181992295	0.414083517905	0.0119055422446	0.119283117332
BCL6	8	6.50303307037e-07	2.25914393876e-11	0.00298125770787	0.0410840938609	1.06872858125e-16	0.393274017266
ISL1	4	0.0966438589603	0.0469248231191	0.190469460105	0.472546230782	0.00536758505031	0.371894778938
CDX2	11	0.0119447131417	0.00171771877264	0.0991659012111	0.0698557513773	0.000181857471327	0.112364954579
ARI3A	2	0.000108285022452	1.2293438777e-06	0.0289330123088	0.145973151042	1.70609484396e-11	0.168073315235
MAFF	4	0.0335829715237	0.00170276452675	0.314906222272	0.391323799686	0.000725082738155	0.280760457896
EOMES	2	0.000146243097892	1.39604096303e-08	0.182920661422	0.151844912988	6.58009817306e-09	0.0262170212524
KDM4A	2	0.238750540511	0.111889501166	0.484883257688	0.207140342722	0.176902197895	0.390209080521
TLE3	1	0.0235807026663	0.0362237584499	0.297665360754	0.274010687636	0.00010940553943	0.0225556365875
PHC1	1	0.0613507225956	0.00578333318842	0.369609221279	0.187191387467	0.403632860339	0.00538152077462
TLE2	1	0.0234145504319	0.0367629124492	0.29815978034	0.274420344338	0.000101277473267	0.0231015428489
MYC	47	3.49851154062e-12	8.09661031501e-32	0.0256744014315	0.286677405991	8.99862278967e-23	0.00977335055073
MYB	2	0.00968956929459	0.00143919202043	0.100648961552	0.325169846361	4.24503451346e-05	0.0427172053391
DDIT3	1	0.210575670418	0.0701586547625	0.470629767408	0.384430293959	0.0714510381376	0.456514069986
FLI1	11	1.1709945699e-14	3.08186661682e-38	0.0598013005047	0.274025775883	1.41173679704e-30	0.308819551397
RBP2	1	0.000754239870637	1.37208024228e-05	0.215287445048	0.391926080087	2.97080915524e-09	0.070969263774
TLE4	1	0.0234145504319	0.0367629124492	0.29815978034	0.274420344338	0.000101277473267	0.0231015428489
TBX3	5	3.22817425081e-05	5.44125637414e-08	0.047201569303	0.383875018174	9.74285792178e-14	0.364966497163
ZKSC1	2	0.00453134583409	1.47848150398e-06	0.278745329249	0.494615110871	0.000123172794798	0.0760904888278
CTR9	1	0.00152549102756	1.92455412677e-07	0.483305861443	0.406204697112	6.93221332246e-07	0.315412743752
GRIP1	2	4.616663638e-08	2.41789674295e-16	0.219569796259	0.0607603254196	1.43816777538e-17	0.00452065302855
KDM5A	3	0.000218751017866	4.05387218429e-08	0.436885677209	0.482476129611	1.44567424029e-07	0.000405477051357
KDM5B	1	0.318668992639	0.177218317568	0.345176007822	0.389330656698	0.420676872322	0.328006604198
KDM5C	2	0.0842003701963	0.0405917148217	0.0556545720159	0.108665079724	0.222325023633	0.0775449300239
BATF	22	2.49739812928e-18	2.05725451859e-44	0.0648944555536	0.495092082225	2.28259453744e-40	0.000643914993541
VDR	9	4.80397818141e-05	2.04655859794e-12	0.132991053582	0.10171931293	4.18640496474e-06	0.00220756686024
RFA2	5	1.09331605119e-09	2.94736396524e-19	0.145313896257	0.466083418579	4.05472901815e-21	1.93002180533e-05
CNDH2	2	0.0832906114923	0.00828930907102	0.0872029189589	0.157191811675	0.416817853696	0.0846359094411
INO80	1	6.99988205731e-05	1.19253736408e-11	0.0980863340173	0.485621576093	3.77080446957e-08	0.0784587034981
EP400	3	0.000121452252402	5.43553855764e-07	0.102487304861	0.298200588012	2.88922711544e-11	0.0550585838003
HEXI1	1	0.0461336480783	0.00329893303949	0.402187535993	0.389889803019	0.0133501953469	0.0302591961302
EED	2	0.0153685779791	6.01307691997e-06	0.330130146199	0.267745347565	0.417218248128	0.0038663507784
CHD1	4	1.13210347906e-07	7.50930277552e-21	0.46020642869	0.31673778462	6.31651775708e-12	0.00268968073551
CHD2	2	1.8656617145e-07	5.98523110788e-18	0.319627606335	0.393907612191	1.79349892253e-15	0.167241400794
AP2A	6	3.38473047672e-07	1.38885764106e-13	0.00270890259894	0.204841865125	1.85266247193e-16	0.311138899409
CHD4	20	1.09843645958e-07	7.17136549909e-14	0.0695364643515	0.451621305059	3.80010681482e-20	0.186848669878
AP2C	2	4.21069035043e-05	9.90298114589e-10	0.150990562879	0.485705852293	7.05124422615e-12	0.258470912158
ASXL1	1	1.15691367911e-08	1.14820737369e-24	0.0357064630277	0.429303816656	3.11686011114e-14	0.377794434728
RAD21	23	1.73469041427e-05	0.000118470366579	0.217620012163	0.0484234573704	6.37049326282e-15	0.00019750244464
OTX2	10	1.34266545627e-06	3.39893470271e-13	0.065506852829	0.438045248083	9.60424590689e-16	0.465829810226
NR5A2	2	0.00517749409372	1.54289022143e-05	0.0829063533273	0.432310989346	1.82629520172e-05	0.368390114498
TFE3	3	0.0126396510778	3.0732824292e-05	0.155664987719	0.191271369664	0.00335987878801	0.104932116761
TFE2	12	7.3327008765e-12	3.0371358058e-30	0.0232522111897	0.297588726008	5.54926147727e-24	0.181777326587
TOP2B	1	0.0827518972851	0.0819144067608	0.151741246125	0.462443656354	0.00348959920446	0.193460135161
TOP2A	4	0.00219665943644	8.74413930364e-05	0.0489209485962	0.279175155208	2.20956621985e-07	0.193828630256
SMC1A	11	0.000358543213346	0.000704188892099	0.382332568609	0.100386434774	1.1544510195e-10	0.00189900682322
NCOA2	4	1.02640416487e-08	9.91039042552e-19	0.00996959529933	0.195056889909	1.74134390649e-19	0.339451622647
NUCKS	1	9.79942081933e-05	2.44727080019e-09	0.0258471984075	0.248438596386	2.40528737559e-09	0.239067476187
STAG2	2	0.0947509546134	0.142054864755	0.416187036907	0.238771079878	0.00647231289498	0.0835857190381
STAG1	2	0.0163556360344	0.384495185931	0.1074983224	0.0954424562886	4.10157435253e-05	0.00723356515826
JARD2	13	0.010164831377	0.000892102692026	0.209066888572	0.334016313237	0.00789244334007	0.000220709809645
TE2IP	4	0.0810357258593	0.0297443234471	0.461903082548	0.41426726157	0.00317294935689	0.193501316116
SPT5H	8	5.3458739574e-09	1.0396636962e-18	0.0889194590571	0.343412849163	2.4845967988e-21	0.0553517583326
ETV2	4	0.00632512216435	3.21573351221e-06	0.175613814859	0.289476486084	0.000287709915591	0.215247313267
TAF3	3	3.71161582396e-06	1.3898114367e-09	0.158079241217	0.384377735959	6.55471429269e-17	0.127254272797
TAF1	1	4.60269071497e-06	5.18440109736e-16	0.376445085049	0.239018997645	6.30145192278e-10	0.0702725463766
ETV6	4	1.05221148724e-11	2.13382591611e-34	0.00889651697247	0.213932786561	1.88735991218e-18	0.168269003339
CNDG2	2	3.47259723672e-05	2.04679416544e-09	0.229045669587	0.242218150195	1.66142549555e-12	0.267662954365
HNF4A	14	1.43756326072e-05	8.49835035011e-10	0.268372726385	0.424950070164	2.03601815291e-14	0.311130269537
KDM1A	14	7.11907795594e-10	3.16714498134e-22	0.0130575711608	0.29262261085	2.80437335242e-21	0.0538821212395
HTF4	1	0.281443731583	0.102652835018	0.448165949369	0.406416162843	0.223696552911	0.422199615994
DMRT1	1	0.00627583422006	2.19078985127e-06	0.0735394573451	0.305517020126	0.000520544907667	0.379964096768
FOSB	8	1.06929729872e-06	2.52913668055e-18	0.00838800398399	0.353125053554	7.78563166586e-10	0.239683995386
SUH	22	4.25410855106e-06	9.00885737714e-16	0.046915872833	0.427566149238	2.20038959247e-10	0.350388972056
IKZF1	16	3.9240787162e-15	9.44517126034e-35	0.0598973385862	0.460048896691	1.11540750721e-35	0.0320504132644
NCOR2	4	1.01173661377e-08	1.35169434943e-16	0.349226537112	0.329765930406	1.76778424177e-22	0.0385226855845
IKZF3	1	0.00143082036771	1.6146657103e-05	0.0279497397401	0.266759579074	2.85045277687e-07	0.174755681404
NANOG	15	6.32519119368e-07	1.48491274162e-12	0.0460949889328	0.218127428058	2.05717376053e-17	0.329634291345
FOXK1	1	0.000421032984735	1.09312919788e-09	0.141191477639	0.389964364494	1.54893181635e-06	0.141919934882
CHD7	2	0.0990288090213	0.0282413474041	0.0985746080305	0.424542629066	0.110933483782	0.0726395844476
KDM6A	14	1.45940741965e-05	7.42670350594e-12	0.0261155944589	0.183532277322	7.58792084385e-11	0.245104622694
NBN	4	4.57872669046e-06	4.63974483811e-10	0.00991183827991	0.133934403866	1.43953689659e-13	0.0226965762451
KDM6B	6	2.18528113657e-07	2.6894508908e-15	0.0384494179326	0.374393373977	2.74564551434e-17	0.46882479997
NFKB1	11	0.00020519630715	3.32125773497e-06	0.123946514111	0.259048395496	3.87116071915e-07	8.81228832746e-06
HELLS	2	1.44016573281e-05	8.40965129183e-10	0.000123356555812	0.216130254965	1.76506531018e-10	0.156547377675
LYL1	1	0.177806831289	0.368823337854	0.181972732006	0.491879767239	0.0785102354091	0.0685697023883
ATOH1	3	0.00525726812065	1.29501933713e-05	0.320411384617	0.31639426558	8.95084373853e-06	0.341762070379
ELL	1	0.222259745702	0.396921248117	0.0690812537041	0.338898599944	0.30583860888	0.190843521772
H2B1A	3	0.17839892092	0.33228119749	0.186046443903	0.352488698776	0.468221533656	0.0177107680259
HIRA	3	0.0188284066583	0.0457511297741	0.0477405283571	0.47304477703	0.00792536574538	0.000288972981675
MTF2	1	0.0533665498159	0.00995428409817	0.392176114354	0.42677160739	0.0545225859916	0.00476521495295
ZN322	1	0.193682244976	0.0150860523052	0.466332316112	0.390150769744	0.254082113398	0.390815130444
HXA2	2	0.317866724942	0.332799013906	0.161533728902	0.363261482706	0.456577823593	0.36395351851
ZN281	2	0.193585488328	0.0455400910271	0.499586273989	0.31055015471	0.122299294997	0.31463272827
JUNB	11	1.28882326555e-16	3.09795787274e-33	0.200638243539	0.100203623985	3.42600266089e-36	1.66650448524e-10
JUND	6	1.40589909399e-10	1.06234448502e-23	0.152552038029	0.444637687171	5.51501585147e-25	0.138208367811
OVOL2	1	0.102380824285	0.00550086473245	0.457010980338	0.487271940809	0.0260472471619	0.352535027059
ELF1	2	3.65390863639e-14	1.87302963263e-41	0.00570806864424	0.10080463272	1.82016090963e-23	0.332020048985
TAL1	39	8.30088560665e-09	2.06394804396e-14	0.075434613071	0.0251864052476	2.57284319709e-18	3.90636852068e-07
ELF5	1	0.00247331823706	4.42066354521e-05	0.110219379499	0.207389780851	2.51626253871e-07	0.364008286475
TF7L2	3	2.19888556179e-06	2.62593487465e-11	0.031220142053	0.27502425211	1.18799916626e-15	0.191914232794
GRHL2	1	0.0200158826636	0.0378893434389	0.0699096269837	0.261075919204	7.42666782657e-05	0.0625545425169
GRHL3	4	4.47874093239e-06	1.50187836152e-10	0.00169810723893	0.291109938798	1.45466107395e-13	0.166863360447
CRY1	1	0.00253141045907	1.32832731748e-05	0.0469754418339	0.17664978915	1.56328538964e-05	0.0603233540186
CRY2	1	0.00385795532686	3.08258060377e-05	0.00953069566743	0.172310529449	6.73894066138e-05	0.250520621039
CTNB1	12	8.26573450165e-05	6.76389871856e-08	0.16526250734	0.313084763619	6.13350669535e-12	0.179748405766
GLI3	3	0.0219886963313	0.000164624753159	0.206488659468	0.228427848044	0.0128282983791	0.0516045464299
GLI1	5	0.101124494847	0.42525989092	0.368212630605	0.34873159099	0.00888744396455	0.0217901667612
PSB1	2	0.375614403691	0.362395618292	0.227840540975	0.424108816519	0.447139682858	0.477503690691
MSX1	1	0.0145548124287	0.000175720751213	0.201965492876	0.332091734031	0.00389117417672	0.0142427582493
NACC1	1	0.07685745325	0.0852450951243	0.454124081942	0.462081455115	0.0200039716968	0.00749464807706
SIN3B	11	8.70487522475e-09	2.70317594608e-22	0.46694477032	0.480954180121	2.41626646419e-18	0.340740998512
ZMIZ1	2	4.88521599366e-10	7.80885764771e-27	0.427755941499	0.264032266071	3.17064543612e-19	0.0995017256821
SIN3A	14	6.07666093399e-10	4.94477397071e-21	0.121930122075	0.357383993825	1.16594891494e-24	0.329801743803
NCOR1	6	2.58523253713e-10	5.3110111668e-24	0.271386175994	0.449410873859	4.04555865713e-23	0.0440667529889
ASCL2	1	7.57212999442e-07	2.35218557113e-16	0.0181039260294	0.131213347918	5.19412041232e-10	0.00085774052107
PAXI1	3	1.45579447207e-12	7.6814388443e-29	0.198211613611	0.0847367885789	2.26064302194e-27	0.00224194351407
SETB1	4	0.101508916126	0.447329404439	0.161033695046	0.161120454307	0.00370001235994	0.250970626739
LUZP1	1	0.423126323675	0.35662867119	0.432794873976	0.464731218108	0.430637602432	0.439074346497
ERR2	1	0.00999035773784	3.86478809229e-05	0.213019737224	0.232219767432	0.00012433370445	0.418669775078
BAP1	1	5.26736308177e-08	9.59761898669e-17	0.356184854536	0.212641365206	2.63315376027e-19	0.211837748498
NFIC	2	0.295518090486	0.261612856368	0.373858165874	0.352476843636	0.137787666322	0.47447514842
NFIB	3	5.94141374974e-06	7.56325440956e-13	0.00647924469436	0.190687698495	1.67063627444e-11	0.474254335357
GFI1	1	3.99320989162e-05	1.03517586421e-10	0.0116724682935	0.143227040416	1.82379470042e-09	0.321686535412
MXI1	2	5.57056868569e-07	1.58598987532e-13	0.126192587555	0.462876722105	4.52124377557e-17	0.128067858262
BRAC	4	0.000342085204692	3.80336417156e-06	0.0285841763185	0.332086972165	2.93174543686e-09	0.0442588134421
ZFP57	1	0.0892008402408	0.204347335678	0.283165368109	0.416028259911	0.0966536741925	0.00242713766425
HXB4	7	4.03895615534e-10	4.36787239171e-25	0.200856499885	0.462574031279	7.16465953373e-22	0.369669019778
ATF4	3	6.81226289486e-08	1.98591979936e-15	0.332424722025	0.256854549895	1.89053127001e-19	0.0457647242587
ERR1	1	0.0606927971905	0.0142732361477	0.424957307753	0.312130712773	0.00092150414559	0.472045886366
ATF3	10	0.00150473418481	6.56694523872e-07	0.340972412497	0.397443811356	1.21199059409e-06	0.0715222736298
ATF2	2	3.68794142622e-05	9.27172820039e-13	0.20876957651	0.468157835035	1.65114880684e-09	0.455946263001
