TF	Number_of_ChIPexp	q_value_mean	baseMean	log2FoldChange	lfcSE	pvalue	padj
NELFB	1	4.52094397791e-06	3.54821159278e-11	0.209618900582	0.502207924291	2.61426639572e-15	0.193407039078
NELFA	4	0.107580435237	0.0495164432508	0.253005715465	0.502207924291	0.083826715298	0.0273225167446
MEN1	3	0.000146776669294	2.94780904445e-08	0.293265764184	0.502207924291	5.27854240842e-11	0.297253414459
NELFE	2	7.16258050873e-09	2.67215607468e-20	0.273709069469	0.502207924291	1.62647750785e-20	0.315547650481
HSF2	3	0.0361951700002	0.0113315725688	0.492913750025	0.502207924291	0.00226951919221	0.00975830898421
LHX2	2	0.26734961805	0.268528310513	0.305167280242	0.502207924291	0.363904339305	0.0912008735079
LHX3	2	0.154775805514	0.0610523956483	0.40407325455	0.502207924291	0.0327907844211	0.21863373897
NR0B1	3	0.179501089997	0.0761800745398	0.40407325455	0.502207924291	0.0348938854261	0.345462617979
STA5A	22	2.32091760117e-13	4.80715714668e-30	0.393511508671	0.502207924291	8.01102433804e-31	0.000884873604532
STA5B	17	1.18072424683e-17	2.90750072242e-41	0.421687009218	0.502207924291	3.94653358929e-40	9.44350013997e-05
KDM2A	2	8.38521896273e-05	1.77325834956e-09	0.137392853551	0.502207924291	1.36782696527e-10	0.247697235572
KDM2B	14	9.31299174898e-05	7.45141080252e-08	0.144127954819	0.502207924291	2.94750663523e-12	0.440677632213
WDR5	4	4.18122199799e-07	3.01646842032e-16	0.288113263834	0.502207924291	8.07753244312e-16	0.362486490597
PIT1	3	0.000201038792923	3.69302476809e-08	0.182050087399	0.502207924291	5.34777778318e-08	0.0018187345376
EHF	1	0.00547445781076	0.00013163266387	0.293096787991	0.502207924291	8.3806126574e-07	0.3028109021
GATA6	6	0.0307030269108	0.000762758422101	0.470022176009	0.502207924291	0.000635832092621	0.238327743056
GATA4	15	9.89953097504e-08	1.46833647652e-16	0.0864889841255	0.502207924291	3.3577365841e-18	0.443972966664
GATA2	22	3.09196837863e-07	6.43363319801e-16	0.399125971362	0.502207924291	5.57737044774e-16	0.0392912532308
GATA3	19	3.22665664582e-07	3.51277320147e-18	0.20031319614	0.502207924291	4.65956766853e-13	0.0212409977748
GATA1	49	1.65420333884e-10	6.24494853957e-24	0.418732670356	0.502207924291	2.74641402445e-24	0.0343422847894
NOTC1	5	0.000225738843767	1.79566715937e-09	0.347885512402	0.502207924291	5.03258474419e-09	0.37127408837
CCND1	1	0.000243255859227	1.90358265834e-08	0.169350567389	0.502207924291	7.07261704112e-09	0.0743865554877
MAX	7	3.91069737111e-07	1.18855611892e-16	0.399125971362	0.502207924291	2.61426639572e-15	0.146861501753
MAZ	2	1.72261239272e-07	1.16022150327e-15	0.330014601521	0.502207924291	4.3236047669e-18	0.182445947911
AHR	11	0.0274626713301	0.00561292330568	0.326249575036	0.502207924291	0.00101095680728	0.0168019106915
CSN1	2	2.94837054376e-05	3.52118641258e-12	0.14105669618	0.502207924291	1.15527167087e-09	0.0773143142667
MAF	6	3.43681233333e-13	4.38759266222e-32	0.338469812166	0.502207924291	1.09536892782e-28	0.00586933462981
CTCF	116	8.4205663773e-06	4.73187337315e-07	0.45458331143	0.502207924291	1.68287590497e-18	0.232875747854
ATF7	1	0.00230725959368	2.76619200794e-06	0.372665920464	0.502207924291	8.59980839044e-07	0.146861501753
BACH2	1	7.21696035081e-07	1.14231410431e-16	0.429159440167	0.502207924291	6.2204227576e-12	0.0012783916484
SOX17	8	3.28312736552e-06	2.08069592317e-13	0.229215171611	0.502207924291	1.0844140934e-13	0.146861501753
ZIC2	2	0.013401216882	0.000627276422233	0.49741685279	0.502207924291	1.51814122721e-05	0.181696258449
ZIC3	2	0.210111553836	0.197322925598	0.502993241763	0.502207924291	0.0811486143505	0.101238408008
DMAP1	2	2.85446110803e-05	3.20608927873e-12	0.379202851759	0.502207924291	1.26651193895e-10	0.245064607718
NFIL3	1	0.0285131786146	0.0417903427246	0.344653865436	0.502207924291	1.33579936799e-05	0.19504925323
NR1H2	1	0.145557420158	0.0417903427246	0.390516723651	0.502207924291	0.0160699828503	0.496086265835
PEBB	5	3.97889445264e-09	2.40903934137e-23	0.104779105548	0.502207924291	3.34941559101e-18	0.234877229984
PPARA	4	0.000488340429677	1.85572370446e-06	0.213641511665	0.502207924291	3.33147933065e-10	0.418691132577
ING1	2	2.47940044163e-08	2.59013126316e-19	0.144127954819	0.502207924291	1.09873484442e-18	0.454869601663
PHX2A	1	0.313903387496	0.317407642486	0.237384812379	0.502207924291	0.325165890313	0.247697235572
PSIP1	3	0.43116463578	0.327120554875	0.429827325116	0.502207924291	0.445790121752	0.47336899226
TFAP4	1	8.46096472308e-08	5.53929106482e-16	0.330014601521	0.502207924291	1.2351478496e-19	0.382392681813
PTF1A	8	0.203927647875	0.0661347199786	0.399125971362	0.502207924291	0.0585270971498	0.454569714111
RING2	44	0.00889186311348	0.00277099635409	0.1855168421	0.502207924291	1.64554992553e-06	0.130842827235
RING1	2	0.000712343693154	5.39396014255e-07	0.288113263834	0.502207924291	7.45115838565e-09	0.315405728086
PRDM4	4	0.173128712726	0.0735027627941	0.293096787991	0.502207924291	0.0312097047453	0.460635659985
PRDM5	1	0.315592390677	0.396612684209	0.338993283141	0.502207924291	0.168402513029	0.275323191192
CBP	14	6.80702140402e-06	2.0042746543e-14	0.330919188478	0.502207924291	9.74613875665e-12	0.45018419584
PRDM1	3	0.0406771430319	0.00116172171568	0.380251331552	0.502207924291	0.00106584780491	0.470977982978
TF2L1	1	0.0187051948128	0.00127475639602	0.406482406162	0.502207924291	3.83332207316e-05	0.229553201991
PRDM9	1	0.327454785063	0.13211896023	0.38409569822	0.502207924291	0.436657008925	0.338320347744
ASH2L	2	4.23320185163e-09	1.33333818182e-22	0.330014601521	0.502207924291	1.38557911168e-19	0.443972966664
SMAD4	2	0.14389309625	0.0042571833465	0.399125971362	0.502207924291	0.149231940551	0.484420036374
TLE1	1	0.0426420058087	0.0475508896067	0.40407325455	0.502207924291	0.000160208964681	0.0912008735079
SMAD1	8	0.0457709051912	6.08437340973e-05	0.204623863478	0.502207924291	0.0767331138977	0.418705806033
SMAD2	2	0.240112834022	0.404139768484	0.377845944605	0.502207924291	0.0700970921413	0.148472817956
SMAD3	11	7.45676842174e-05	7.44592332879e-09	0.170985616616	0.502207924291	7.82769730628e-12	0.460635659985
REL	5	0.0181737493853	0.000383146132688	0.447398085372	0.502207924291	0.000419398391902	0.0549102959911
UTF1	3	0.00152581168221	6.39069461859e-05	0.388825177875	0.502207924291	2.14147363863e-09	0.309461011158
NCOA3	1	0.451793193111	0.380783791427	0.43096583947	0.502207924291	0.467936004724	0.488098071999
NCOA1	1	0.0449895702543	0.000900142349323	0.17139366209	0.502207924291	0.00505090388587	0.470977982978
KANL3	4	5.91900976082e-07	4.819072542e-15	0.017181905558	0.502207924291	1.1148309011e-11	0.000156717657014
SMC3	12	0.000104934470642	1.75263526322e-05	0.447398085372	0.502207924291	5.3483348481e-14	0.0604091969433
SMC5	5	4.82524786182e-11	9.73260496991e-25	0.418732670356	0.502207924291	1.4768941289e-25	0.00865364881258
PO2F2	1	0.142972868307	0.00456342849566	0.421687009218	0.502207924291	0.143823748663	0.429806038648
ELL3	1	0.0060142301362	1.85572370446e-06	0.299420494035	0.502207924291	8.05760490305e-05	0.349957934823
ELL2	3	0.0205110446459	5.2274940461e-07	0.447970640097	0.502207924291	0.0718190617978	0.429806038648
MECP2	8	0.15398977481	0.417313045082	0.429827325116	0.502207924291	0.0220954650487	0.0435027518152
RXRA	33	8.35528251888e-08	8.73845143831e-17	0.136521920003	0.502207924291	1.58129449227e-18	0.429806038648
SPIB	2	2.79645708184e-09	1.75840163486e-24	0.499881826073	0.502207924291	2.31666571507e-18	0.167227783372
OLIG2	2	0.220204659885	0.0514485836953	0.470022176009	0.502207924291	0.0991938345004	0.429806038648
YAP1	1	0.447982985122	0.467762132018	0.446545603507	0.502746142691	0.39424722518	0.435812142238
MSGN1	1	0.334523932344	0.226560925016	0.422067849524	0.502207924291	0.193773721431	0.45018419584
CXXC1	1	1.36959478491e-05	2.48887407235e-11	0.288113263834	0.502207924291	7.91396886461e-13	0.169089404248
TBP	13	4.56603942607e-10	8.65232701185e-24	0.184659280735	0.502207924291	8.65797511987e-23	0.285689531219
UBP16	3	0.096139571339	0.00338942213145	0.123877765877	0.502207924291	0.196061896338	0.19866214566
DNJC2	1	0.433662648402	0.456194302311	0.313138753368	0.502207924291	0.497413238373	0.429806038648
MYF5	1	0.199854728033	0.249229967207	0.491106404763	0.502207924291	0.0239597682703	0.216486142517
MCRS1	2	2.09078180992e-05	1.0300054326e-09	0.204547495745	0.502207924291	2.05016408252e-12	0.0184177978155
ERG	7	2.32453179862e-12	5.30524068246e-34	0.0115705256697	0.502207924291	1.52114353333e-22	0.144732318603
FIZ1	1	0.0277455157302	0.0038158874054	0.385691490425	0.502207924291	4.54272178786e-05	0.489698416302
HAND1	1	0.415868463434	0.294301870914	0.429827325116	0.502207924291	0.401454019552	0.487723321595
HAND2	3	0.250996735934	0.365257043658	0.499881826073	0.502207924291	0.140517673957	0.0773143142667
MITF	1	0.0343490380415	0.000431284865487	0.499881826073	0.502207924291	0.00188783609822	0.233934072628
MYOG	8	2.3112157727e-05	7.38998091572e-11	0.104779105548	0.502207924291	5.48018170208e-12	0.309461011158
GFI1B	1	0.00913564915277	0.000653896102215	0.271498787785	0.502207924291	2.07829729584e-05	0.0343422847894
MYOD1	20	0.000334219315387	1.19351110075e-08	0.172710747329	0.502207924291	1.05346173892e-08	0.382392681813
UBF1	3	4.46394434341e-08	9.27641826835e-18	0.0651430299339	0.502207924291	3.34941559101e-18	0.174378517061
SPI1	113	2.65594766972e-15	1.61556511177e-33	0.499881826073	0.502207924291	3.41271800436e-38	0.00954820623396
DMRTB	1	0.00199371934443	1.14663384145e-06	0.182050087399	0.502207924291	6.9911463322e-07	0.429806038648
KLF5	4	5.26700193922e-06	9.28811121743e-12	0.117091523705	0.502207924291	2.0473360798e-14	0.362486490597
KLF4	16	7.0109443229e-08	5.03849015487e-17	0.213013225843	0.502207924291	1.14582897736e-18	0.274266172075
KLF3	3	0.000118273782399	3.40065905251e-11	0.347885512402	0.502207924291	1.06148596784e-08	0.366982348169
KLF2	1	0.0729971922692	0.00654347577128	0.346389150032	0.502207924291	0.00933534017101	0.19504925323
KLF1	3	1.3980870246e-08	4.0791912177e-24	0.104779105548	0.502207924291	1.66800261732e-14	0.149190780508
CNOT3	1	0.28934304911	0.195097584127	0.340863694297	0.502207924291	0.344043390576	0.176496399588
RYBP	4	0.00230594408012	0.000105094962982	0.347885512402	0.502207924291	9.3476233092e-09	0.379875117962
P53	10	0.00089296577248	1.83346471053e-07	0.273709069469	0.502207924291	6.21493989488e-08	0.362486490597
BMI1	3	0.194152682192	0.192235470774	0.379202851759	0.502207924291	0.182805290714	0.0412229939802
REST	12	0.0360074268812	0.00143607568011	0.326692491067	0.502207924291	0.000745901209274	0.344412642547
E4F1	2	0.204791711043	0.431219994641	0.45458331143	0.502207924291	0.106545901541	0.0343422847894
E2F4	16	1.30431072837e-09	5.26282963953e-15	0.201233430934	0.502207924291	1.63149444005e-28	0.0435027518152
E2F3	2	1.27610771262e-05	2.26809862483e-11	0.104779105548	0.502207924291	6.50604643021e-13	0.435812142238
E2F2	3	0.0025419538852	0.015411357228	0.401549927268	0.502207924291	1.67702274883e-09	0.020362700982
E2F1	5	4.87645410095e-12	4.64528678966e-27	0.253005715465	0.502207924291	1.76404096212e-27	0.00264841240769
MBD4	4	0.27536167826	0.322497394044	0.441996210295	0.502207924291	0.0481589513809	0.459210871468
MBD1	9	0.0402865171797	0.0807970217923	0.492913750025	0.502207924291	1.68220606776e-05	0.315405728086
MBD3	15	0.000382186262219	2.88248680545e-07	0.335167189487	0.502207924291	6.78487443004e-10	0.247697235572
MBD2	6	0.225161494931	0.400303416215	0.346389150032	0.502207924291	0.0515897536515	0.161090535602
AICDA	3	1.29400464859e-07	3.91953971296e-17	0.399125971362	0.502207924291	1.07442981386e-17	0.429806038648
STAT4	3	1.77016048798e-13	8.33716826563e-31	0.419916129554	0.502207924291	1.42106030399e-29	6.95642360567e-05
RARA	8	4.87226310578e-08	9.27641826835e-18	0.0659553230852	0.502207924291	5.34010816655e-18	0.167336188537
RARB	4	7.50881539901e-07	1.89253761178e-14	0.104779105548	0.502207924291	1.27317093512e-15	0.188264161662
RARG	6	0.0876578933696	0.00500773505958	0.104779105548	0.502207924291	0.110761036708	0.17732441782
HDAC6	2	0.280115764743	0.0634089905679	0.399125971362	0.502207924291	0.280105263363	0.484420036374
SIX1	3	0.00245391627086	0.000182424536971	0.495973555888	0.502207924291	3.56631402241e-08	0.0549102959911
SIX2	2	0.215339033595	0.0742657978366	0.499881826073	0.502207924291	0.0774351099969	0.320727440894
THB	5	0.000176731912117	4.7201090916e-08	0.330919188478	0.502207924291	5.37974022544e-11	0.408560172419
BMAL1	15	0.0260426602324	0.000618930762889	0.0643341306353	0.502207924291	0.00485217099206	0.12345922905
NKX32	2	0.0099550724498	0.000327821358335	0.137392853551	0.502207924291	9.76129585817e-06	0.442822519734
NKX31	4	0.0112538106127	1.70024432892e-05	0.137392853551	0.502207924291	0.000314202960025	0.489698416302
HXC9	3	0.147625510317	0.0347276453719	0.490241643141	0.502207924291	0.0171438355504	0.478332587361
RB	1	0.342115059501	0.486389151386	0.422067849524	0.502207924291	0.122438106851	0.37127408837
FEZF2	2	2.053300925e-05	8.89986704491e-10	0.117091523705	0.502207924291	5.06789638424e-13	0.137607704328
RELB	5	4.01597861363e-05	4.74568345051e-09	0.418732670356	0.502207924291	4.78675421596e-09	2.18673750849e-05
USF2	3	8.1316206332e-05	5.07030169346e-11	0.330014601521	0.502207924291	1.02988609271e-09	0.410814566214
WT1	4	2.17571054752e-05	3.02488538937e-10	0.0589723014482	0.502207924291	2.31718884266e-12	0.234857046404
RBPJL	2	0.0341552763301	0.00253416040707	0.257482095527	0.502207924291	0.00147043556974	0.0964668992887
DPY30	1	0.000617514110106	1.40152711964e-05	0.183531302037	0.502207924291	1.25950586323e-09	0.0551872840993
LDB1	4	1.2803653567e-05	2.6138561252e-12	0.403322738631	0.502207924291	3.6822712389e-12	0.176496399588
SUV91	1	0.180234322756	0.484435488553	0.137392853551	0.502207924291	0.0735942579921	0.0773143142667
SUV92	1	0.435054662587	0.428285746846	0.439052848196	0.502207924291	0.340692880276	0.484420036374
SNAI1	1	0.426061417074	0.495376698093	0.357922510736	0.502207924291	0.333083471772	0.47336899226
RFX6	1	0.260895425159	0.074392172014	0.462704941912	0.502207924291	0.154164473027	0.453558257338
RFX1	1	0.000119018241887	3.78823029267e-08	0.137392853551	0.502207924291	2.04443104061e-11	0.446900777028
FOXP3	8	1.08642119124e-15	2.64589187074e-44	0.117091523705	0.502207924291	1.77299555245e-27	0.000548658843985
EZH1	8	0.11638373496	0.352259381609	0.45458331143	0.502207924291	0.0183347116786	0.0144819735347
MSL1	2	0.0351603497566	0.00017602892579	0.151408485924	0.502207924291	0.00828754726838	0.484420036374
MSL2	4	1.01571441521e-05	7.50296530824e-13	0.00105955380987	0.502207924291	9.55246605134e-10	0.283467360998
TWST1	3	0.279472638383	0.0841519519339	0.377845944605	0.502207924291	0.226216620183	0.471964621089
MED1	37	3.24584044342e-12	2.52742619591e-32	0.104779105548	0.502207924291	5.53533283885e-25	0.489390310026
PRGC1	1	0.184265829148	0.0276971670275	0.40407325455	0.502207924291	0.0774351099969	0.488098071999
ZFP384	3	4.59943948725e-06	1.05521052579e-12	0.43171394134	0.502207924291	6.00288345828e-14	0.149880759724
RUNX2	7	1.73144910509e-07	2.57864926953e-16	0.137392853551	0.502207924291	4.52206076546e-17	0.193407039078
DNM3B	9	0.134177482245	0.0518103485579	0.332717970619	0.502207924291	0.011527165596	0.435812142238
MKL1	1	0.421998897382	0.456194302311	0.503176823117	0.502207924291	0.266380977539	0.435812142238
MKL2	2	0.463465134447	0.467762132018	0.492913750025	0.502207924291	0.451273776165	0.409228330003
RUNX1	21	3.06949824767e-14	3.44818080241e-37	0.163700436673	0.502207924291	1.05393668698e-29	0.0912008735079
CBX1	2	0.404088401029	0.454760422406	0.478075116266	0.502207924291	0.366832438114	0.26899972071
SP16H	1	0.360459049975	0.150963881039	0.475202950817	0.502207924291	0.456578960427	0.369937222531
TCF7	5	3.28350780392e-13	1.30915404724e-35	0.0643341306353	0.502207924291	2.35974427684e-26	0.382392681813
NDF1	1	3.54275700465e-05	8.11895743402e-09	0.288113263834	0.502207924291	2.04002498487e-13	0.232875747854
NDF2	2	0.0150168782893	0.000113951300237	0.449682426879	0.502207924291	6.59172828813e-05	0.45018419584
GCR	33	1.37504076907e-07	8.90350637349e-13	0.340863694297	0.502207924291	2.52283337741e-19	0.0012783916484
NR6A1	2	0.00244782134976	2.9638305703e-06	0.478075116266	0.502207924291	2.58187700185e-07	0.478332587361
IRF3	2	3.18368962434e-10	1.32953173617e-27	0.204547495745	0.502207924291	1.48664456821e-19	0.161090535602
IRF2	4	0.0637349885671	0.012720911838	0.124542622385	0.502207924291	0.0399401678097	0.0330948080132
IRF1	7	1.00865600873e-16	2.11845549257e-32	0.104779105548	0.502207924291	1.37360029066e-36	6.8183208511e-12
IRF4	52	3.22215517512e-18	4.55047450348e-43	0.330919188478	0.502207924291	3.85454292835e-42	0.00119150858141
TIF1B	9	0.00032114122863	2.20097602592e-06	0.330014601521	0.502207924291	2.05726136299e-11	0.455154482596
IRF8	10	6.95525889827e-09	1.01640894807e-09	0.00499151590901	0.502207924291	4.05635455861e-18	1.5748750158e-12
PO5F1	52	6.36161885409e-07	3.39332575045e-13	0.137392853551	0.502207924291	1.10677855287e-17	0.402072374984
MEF2A	2	0.243098662049	0.256526884204	0.299371123604	0.502207924291	0.086273327964	0.255158439389
CREM	1	1.75049967966e-05	3.25630557027e-13	0.117091523705	0.502207924291	2.77376757587e-10	0.309461011158
MEF2D	11	0.000533795440748	1.00905395276e-07	0.137392853551	0.502207924291	3.21839934652e-08	0.193407039078
TF65	38	4.73144603969e-15	7.4978368508e-33	0.45458331143	0.502207924291	2.44504961292e-37	0.00566563700947
HDAC1	5	0.0103575408381	0.000827830415083	0.494597024082	0.502207924291	1.76960503665e-06	0.327589887726
HDAC3	10	1.19357656025e-06	3.88249997333e-13	0.493932666433	0.502207924291	4.00409649051e-16	0.0628179993508
HDAC2	2	0.0900329411056	0.232741947432	0.416722127171	0.502207924291	0.000783821507423	0.154947732458
CLOCK	9	0.0620872991378	0.000964732444728	0.330014601521	0.502207924291	0.0392900221708	0.146861501753
RCOR3	1	0.395981617985	0.404139768484	0.307113680921	0.502207924291	0.318956984662	0.489698416302
RCOR2	1	0.241023305792	0.431219994641	0.379202851759	0.502207924291	0.0365048746029	0.271325297132
RCOR1	4	7.28490779871e-07	5.62783117815e-14	0.492913750025	0.502207924291	1.55211861967e-15	0.0094885496239
CBX8	3	0.000379611600266	6.26625106453e-09	0.183418032099	0.502207924291	3.27278778326e-08	0.417297851535
CBX7	4	0.204169136326	0.0375968827408	0.330014601521	0.502207924291	0.225223519078	0.252794815873
CBX5	3	0.244183073292	0.467762132018	0.323664686884	0.502207924291	0.0628387956576	0.181696258449
CBX3	4	5.205699478e-06	1.44936246485e-12	0.182050087399	0.502207924291	1.03461306619e-13	0.278847042738
SMBT1	2	1.26052827036e-05	3.2177649753e-13	0.0125995725952	0.502207924291	1.71383993636e-09	0.0912008735079
COE1	9	1.94564319887e-08	2.2440806325e-20	0.340863694297	0.502207924291	2.44166672233e-18	0.297253414459
SMCA5	2	6.91998926725e-05	6.2282546624e-10	0.446545603507	0.502207924291	2.82557688017e-11	0.402072374984
SMCA4	22	6.27987119135e-11	9.73260496991e-25	0.194580773695	0.502207924291	1.51493887102e-24	0.00677869333021
PO3F1	1	0.02378398285	0.000164081020032	0.0582579822774	0.502207924291	0.00380898584876	0.416213544124
PO3F2	3	0.211395747513	0.110644789784	0.332717970619	0.502207924291	0.0723970499095	0.315405728086
MYT1L	1	0.329603580161	0.151583696858	0.437317001711	0.502207924291	0.310045108317	0.376879313864
TBX19	1	0.00198249257502	1.56380890306e-07	0.393511508671	0.502207924291	2.04555456388e-06	0.484420036374
PRGR	5	6.39081470276e-07	2.7298473706e-14	0.124542622385	0.502207924291	1.29527280226e-16	0.48203652724
TET1	14	0.00129007784728	0.000113974170169	0.276828959065	0.502207924291	8.42444727772e-10	0.267692776634
ASCL1	7	0.0964314223879	0.0236963945621	0.330919188478	0.502207924291	0.00584135033583	0.362486490597
MTOR	1	0.0247701644132	0.00116172171568	0.147145695556	0.502207924291	0.000462495616082	0.234857046404
HIF1A	6	1.06289737256e-11	7.88240411921e-34	0.114681276961	0.502207924291	8.04872796449e-21	0.37127408837
EP300	83	1.19590112293e-17	1.21829264113e-42	0.175054072783	0.502207924291	3.7750437369e-41	0.0604988304763
TAF7L	3	3.69681493443e-07	1.38689796395e-15	0.0582579822774	0.502207924291	2.2008737512e-15	0.0773143142667
RAD51	3	0.286055630698	0.30430844315	0.273842819547	0.502207924291	0.184770410346	0.247697235572
CDK8	1	6.51329799512e-05	3.24240500848e-08	0.237384812379	0.502207924291	9.28390565303e-13	0.326640680032
CDK9	4	5.06500349221e-06	4.14636537655e-13	0.192175547124	0.502207924291	2.69180471035e-13	0.309461011158
NRF1	2	0.00122202831548	2.29105558714e-08	0.408216605617	0.502207924291	1.38580692498e-06	0.418691132577
PHF19	4	0.0583508227385	0.0144017477381	0.379202851759	0.502207924291	0.182805290714	0.00134919835605
NFYC	1	0.0200104889992	0.00365766120006	0.456909768562	0.502207924291	1.03804097793e-05	0.368261680394
NFYB	1	0.0183936197587	0.000709652001661	0.330014601521	0.502207924291	4.27543304435e-05	0.418691132577
NFYA	7	0.000678518775917	5.98707276186e-07	0.354359081536	0.502207924291	2.75811467411e-09	0.489390310026
EZH2	44	0.0335857640005	0.000804829988238	0.275147558185	0.502207924291	0.300579156223	0.0012783916484
PITX2	1	0.00124950779897	4.30209597505e-08	0.137392853551	0.502207924291	2.38723153856e-06	0.429806038648
NR1D1	4	4.78842334692e-05	2.34941379249e-11	0.137392853551	0.502207924291	3.44957216491e-10	0.45018419584
NR1D2	2	6.63105016034e-08	4.74283553933e-17	0.421687009218	0.502207924291	1.39958963978e-18	0.0912008735079
PITX1	2	0.0231776815839	0.00455870678085	0.146686279661	0.502207924291	6.09064389214e-05	0.327018286908
SOX6	2	0.380329110931	0.459195237638	0.407012884572	0.502207924291	0.466619369667	0.181696258449
SOX4	1	4.5463609569e-08	1.27990577578e-21	0.0582579822774	0.502207924291	1.22867530125e-14	0.422148684109
CEBPB	56	1.779358146e-10	5.12531743954e-21	0.499881826073	0.502207924291	2.12471593371e-27	0.0652445593133
CEBPA	36	1.45613909727e-10	4.87045977892e-22	0.480256894559	0.502207924291	3.2958754344e-27	0.169089404248
CEBPD	9	0.00131523946506	8.88322364059e-07	0.293096787991	0.502207924291	7.7161210545e-07	0.0390085592767
KDM4C	5	0.000111828551188	4.40276187213e-07	0.104779105548	0.502207924291	1.22953686122e-11	0.0613957761253
KDM4B	1	0.000179693958751	6.19689755719e-09	0.332717970619	0.502207924291	4.8416720146e-10	0.373712720127
MED12	4	0.00351383207025	1.41340671725e-06	0.170145029835	0.502207924291	2.48274767552e-05	0.178649764468
ETS1	7	6.27311391748e-19	1.25134305713e-51	0.137392853551	0.502207924291	7.67130021185e-38	0.0146663754741
SUZ12	60	0.0337667520839	0.0422583377401	0.216926012452	0.502207924291	0.010837698941	0.000879836064156
PPARG	24	5.20351300464e-07	7.88116173628e-16	0.179209344604	0.502207924291	3.04728390716e-15	0.176496399588
SCML2	2	0.338135204842	0.233099724618	0.304976836367	0.502207924291	0.440007407516	0.281384248969
COT2	1	0.291318605828	0.119807922054	0.401549927268	0.502207924291	0.343529709633	0.252794815873
PBX1	2	0.0174571508427	0.00022521711002	0.44147704024	0.502207924291	6.63048136118e-05	0.489698416302
SOX11	3	0.356191095735	0.234922334294	0.377869526988	0.502207924291	0.375642059576	0.342366561395
FOXL2	1	0.0787441819679	0.0160570260229	0.478075116266	0.502207924291	0.00253770787031	0.309461011158
TGIF1	4	5.19445645244e-10	3.48258490151e-24	0.402884969178	0.502207924291	2.16677117759e-22	0.247697235572
HSF1	5	0.00142890999518	0.000140469499147	0.234098311339	0.502207924291	1.79303172111e-06	0.000201174310601
ZFX	1	2.33284662343e-05	6.58184505779e-14	0.137392853551	0.502207924291	1.03592331565e-08	0.146861501753
TBX21	4	9.5559820209e-13	1.33608713082e-30	0.104779105548	0.502207924291	3.963800623e-25	2.85937943609e-05
TBX20	1	0.213754937785	0.023153197365	0.20031319614	0.502207924291	0.436657008925	0.438769315147
OGT1	2	1.59639741585e-07	1.0293100816e-18	0.216926012452	0.502207924291	5.05826871276e-15	0.182793926985
PKNX2	1	0.0717748836386	0.00117145761008	0.45458331143	0.502207924291	0.0392006144227	0.181696258449
PKNX1	1	0.000981929659434	2.37708162146e-08	0.389809260898	0.502207924291	4.87885428847e-07	0.402072374984
RORG	9	1.61804128299e-10	4.00096698907e-29	0.329174545687	0.502207924291	8.8226103219e-20	0.190053607964
RORA	1	0.00112685392737	2.04110208731e-06	0.464339708378	0.502207924291	1.5100309108e-08	0.252794815873
BRDT	2	0.155021271973	0.119098446965	0.463232599667	0.502207924291	0.00649715994167	0.497329416075
BRCA1	5	1.19613480526e-09	6.13568243852e-20	0.437317001711	0.502207924291	3.17411924898e-24	0.057244610248
ETS2	5	7.44978342319e-07	1.42639636802e-13	0.104779105548	0.502207924291	1.27505818495e-14	0.00239767194083
CREB1	13	8.18681302498e-08	3.87597888388e-20	0.194580773695	0.502207924291	1.70397475551e-14	0.0569831316675
NFAC1	2	0.259485293728	0.0622842005608	0.354359081536	0.502207924291	0.216735486113	0.489698416302
PER2	1	0.0359055740134	0.00172487464257	0.221843420185	0.502207924291	0.00104470787272	0.297253414459
PER1	1	0.0981109876632	0.0172520647993	0.123181676777	0.502207924291	0.0366317936189	0.23251945769
NFAC2	1	0.00429097161186	0.000140469499147	0.389170352084	0.502207924291	1.21802481069e-06	0.0435027518152
BRD4	6	2.50247352419e-12	1.61556511177e-33	0.137375770424	0.502207924291	3.15299371529e-24	0.279258360371
ZC11A	3	0.0332334692895	0.497245585959	0.344653865436	0.502207924291	3.09218523264e-05	0.0152326424512
THA	1	0.175036547865	0.166935915554	0.45458331143	0.502207924291	0.00894369366822	0.48203652724
KAT8	10	7.242574341e-07	5.4026610026e-14	0.0659553230852	0.502207924291	3.00437879357e-12	3.70654254438e-05
KAT5	3	0.000573511954394	5.80907451618e-10	0.273842819547	0.502207924291	1.64554992553e-06	0.471964621089
RBBP5	5	1.15801310735e-07	3.1241914895e-16	0.000924943291579	0.502207924291	5.00432050923e-16	0.28673845816
FOXA1	10	4.23337844846e-05	4.31048557807e-09	0.0582579822774	0.502207924291	5.5743983426e-12	0.193407039078
RUNX3	6	1.61061012627e-16	1.94322872949e-42	0.0643341306353	0.502207924291	5.09698424229e-35	0.0338680283841
DNM3A	6	0.183741942036	0.497245585959	0.242255737947	0.502207924291	0.400049447493	0.00865364881258
FOXA2	12	2.64466489176e-05	1.00633572651e-07	0.183634493167	0.502207924291	4.66715449351e-15	0.298689777669
PRD14	1	0.0160437365593	0.000555966019789	0.311439645688	0.502207924291	6.78948465131e-05	0.180046670095
PRD16	4	0.175565429749	0.148797741583	0.496633762901	0.502207924291	0.0145235551231	0.309461011158
NKX25	2	0.0228507208542	0.000833991846877	0.270362926872	0.502207924291	0.00030280360072	0.181696258449
SPT6H	2	6.58255825809e-05	7.81301271438e-11	0.172710747329	0.502207924291	4.24306406219e-10	0.429806038648
NKX21	4	6.81604493675e-05	3.13536497366e-10	0.237384812379	0.502207924291	9.40034663737e-11	0.418691132577
DNM3L	2	0.0830480591594	0.503653042165	0.253005715465	0.502207924291	0.0233086149965	0.00264841240769
CRX	5	0.00561423768635	1.35254091893e-05	0.0651430299339	0.502207924291	0.000619037079129	0.020362700982
KAT2A	4	8.0433275454e-08	4.45360887162e-21	0.235337868359	0.502207924291	5.76148766826e-14	0.111008615655
SRSF1	2	0.46558364933	0.496122370192	0.499881826073	0.502207924291	0.363330898696	0.483444416429
SRSF2	3	0.155238001291	0.0164940767917	0.330014601521	0.502207924291	0.164371615773	0.200640526712
EGR2	11	2.29989845452e-10	8.0231397288e-27	0.0850887703425	0.502207924291	3.7467899191e-21	0.500937794654
EGR1	5	0.000324248344537	6.25586097978e-11	0.333209292375	0.502207924291	7.15766080468e-07	0.478332587361
JUN	13	4.33743538113e-11	3.62192456208e-28	0.490241643141	0.502207924291	1.15953797532e-23	0.148472817956
MEIS1	13	2.48516913649e-10	5.14812985925e-22	0.379202851759	0.502207924291	6.58365619069e-26	0.146861501753
SIR1	3	5.70588175618e-06	4.86835396994e-12	0.253005715465	0.502207924291	2.77924905675e-14	0.351795540301
SIR6	11	1.22609436189e-06	3.2177649753e-13	0.137392853551	0.502207924291	1.17709652519e-15	0.106024290344
NFE2	4	0.0225345471648	3.23556733917e-05	0.45458331143	0.502207924291	0.00251315984453	0.313023232931
FOS	13	7.40497943877e-07	1.26933414857e-15	0.137392853551	0.502207924291	5.91456900779e-15	0.429806038648
SMRC2	2	0.190768698276	0.359404732941	0.361558090514	0.502207924291	0.141607328538	0.0273403716862
PARP1	1	0.377865975772	0.380783791427	0.499881826073	0.502207924291	0.196821234251	0.409437511349
ZN335	6	0.178830973474	0.0172520647993	0.330014601521	0.502207924291	0.272365635103	0.234857046404
PAX5	12	2.38988862532e-12	3.73899642797e-29	0.182050087399	0.502207924291	2.69429372957e-26	0.000846474476777
PAX7	1	0.123635226736	0.0157045270792	0.36831884851	0.502207924291	0.0491873065806	0.202174202272
PAX6	4	0.000782780644256	2.59062974542e-06	0.237384812379	0.502207924291	2.01508490206e-09	0.472242646442
PAX3	1	0.283605227779	0.34128876481	0.446545603507	0.502207924291	0.178010871134	0.134664543823
TAF9B	1	0.0552131718415	0.00840885947143	0.387423820227	0.502207924291	0.00185477022439	0.169089404248
PWP1	1	0.113027699734	0.0553463059209	0.421687009218	0.502207924291	0.00563580346637	0.279258360371
ESR1	27	1.18051550504e-06	1.15154515549e-13	0.209157230453	0.502207924291	7.04643146635e-16	0.26899972071
INSM1	1	0.000165822775865	4.34178361789e-07	0.20031319614	0.502207924291	9.44306454329e-12	0.303981146962
MYCN	1	0.0029270031248	3.72835625453e-10	0.447398085372	0.502207924291	0.033171181153	0.0773143142667
SRBP2	1	0.000718163310996	1.00967047821e-07	0.0643341306353	0.502207924291	1.30083187991e-07	0.45018419584
SRBP1	6	0.449076423544	0.425081573173	0.475202950817	0.502207924291	0.409078905186	0.440107958718
TYY1	5	3.81990892364e-09	1.14388607523e-23	0.0643341306353	0.502207924291	9.56232124181e-18	0.23014097106
ZBT17	8	4.30964554397e-09	8.24352532946e-21	0.104779105548	0.502207924291	4.38273116032e-20	0.0781972903902
TBX5	1	4.99181493727e-05	2.88098066852e-08	0.142538422341	0.502207924291	4.29457986396e-13	0.349957934823
STAT6	10	2.37416137309e-15	2.53555569466e-34	0.370531076143	0.502207924291	7.31093910609e-35	2.18673750849e-05
EHMT2	2	0.00291769858008	0.0699623681426	0.330014601521	0.502207924291	1.3090636913e-07	0.000139302889425
STAT3	41	6.43098900413e-20	7.93467743767e-50	0.288113263834	0.502207924291	2.22143596857e-43	0.000431299491126
STAT2	7	3.91198155548e-12	1.33598708815e-20	0.104779105548	0.502207924291	9.23721278057e-30	1.41085550108e-07
STAT1	42	2.97152495248e-22	2.64589187074e-44	0.0643341306353	0.502207924291	9.08093186808e-54	2.98448499918e-10
FOSL1	1	0.217572512693	0.122001013347	0.503176823117	0.502207924291	0.0423169763259	0.373712720127
FOSL2	6	1.3978716717e-10	2.5766025779e-23	0.337674348002	0.502207924291	1.46973761286e-24	0.0083112748155
ANDR	18	0.0208357334781	0.00184126338653	0.235337868359	0.502207924291	0.000155108775713	0.116336582994
SRF	16	2.13813201423e-07	3.09548293631e-17	0.121946524441	0.502207924291	9.51634150937e-16	0.247697235572
SALL4	6	7.11971626782e-07	2.76222070106e-14	0.292535200908	0.502746142691	4.31729096194e-16	0.104307817674
USF1	3	0.000856253077686	6.38643524226e-08	0.305167280242	0.502207924291	2.78108519107e-07	0.169089404248
ATRX	6	4.12368826054e-05	4.84476004671e-11	0.0582579822774	0.502207924291	1.76435420288e-10	0.476795429219
NKX61	1	3.31596931715e-05	1.14717902898e-10	0.257482095527	0.502207924291	7.69954566684e-12	0.351014956766
GM6871	1	0.385587746533	0.449475649447	0.323067457805	0.502207924291	0.362294844923	0.322604946569
TDG	1	0.00172817327191	9.4522985847e-05	0.3851981101	0.502207924291	1.84196111031e-09	0.457668289764
TF2B	5	4.80713610663e-09	8.63107529972e-22	0.137392853551	0.502207924291	1.63652915436e-19	0.263387849613
MAFK	4	0.00121765987683	3.07405541639e-07	0.330919188478	0.502207924291	3.86461186363e-07	0.135583516084
SOX9	1	0.311445956695	0.113262758428	0.437317001711	0.502207924291	0.24134557239	0.488098071999
AFF4	4	0.00118506670104	1.69118770014e-12	0.340863694297	0.502207924291	0.0286918183938	0.281384248969
GABPA	2	0.000944127136254	3.11206250839e-08	0.149099786414	0.502207924291	1.90382538759e-06	0.169089404248
T2EB	2	9.98349282643e-08	6.13568243852e-20	0.104779105548	0.502207924291	2.12239351355e-14	0.144732318603
MYBA	2	0.000615266278629	7.5461454899e-07	0.437317001711	0.502207924291	1.1703344003e-09	0.454569714111
FOXO3	1	0.11094730344	0.0226810299314	0.294276732428	0.502207924291	0.010011466505	0.500937794654
SOX2	30	9.60717209298e-08	1.12915042746e-15	0.235337868359	0.502207924291	1.38131950613e-19	0.443972966664
FOXO1	10	8.08467978335e-17	1.51717576492e-41	0.0024963628946	0.502207924291	9.98430007094e-35	0.0018187345376
CNDD3	4	7.02385558931e-07	1.08929959285e-15	0.14105669618	0.502207924291	1.79870986324e-14	0.12316637037
SOX3	6	0.000558058616072	2.95604109709e-08	0.288340063038	0.502207924291	6.95911617554e-08	0.181696258449
TEAD2	2	0.275347790602	0.273040023835	0.237384812379	0.502207924291	0.174116124614	0.279258360371
TEAD1	1	0.000959927659674	0.000232693463699	0.393511508671	0.502207924291	3.68451334887e-08	0.00048104666803
TEAD4	3	0.00037312338843	3.69013989869e-10	0.492913750025	0.502207924291	1.79656953419e-07	0.440677632213
NPAS4	3	0.308648346387	0.294301870914	0.494597024082	0.502207924291	0.0873283876009	0.438769315147
NPAS2	1	0.208248643875	0.0927837510115	0.323067457805	0.502207924291	0.456578960427	0.0569831316675
NIPBL	4	9.81433866295e-09	4.04229035165e-19	0.137392853551	0.502207924291	9.80172376903e-21	0.333063875803
ZFP42	1	0.151829566825	0.00901113794282	0.347885512402	0.502207924291	0.123317289884	0.415583456602
DMC1	23	0.00139825834956	2.85118783773e-05	0.237384812379	0.502207924291	3.41363616032e-09	0.460635659985
HXA9	3	0.133244221597	0.00607169776682	0.347300682415	0.502207924291	0.0866546264381	0.457668289764
RBTN2	2	2.01194359921e-05	4.38979876283e-12	0.411778935472	0.502207924291	1.67747713234e-11	0.216486142517
KMT2C	7	1.69796300033e-07	1.73556425814e-15	0.20031319614	0.502207924291	4.78069347645e-18	0.169089404248
KMT2B	3	0.000367758000451	3.83229804651e-06	0.137375770424	0.502207924291	3.38168245301e-10	0.0752358519557
KMT2A	7	9.23456672254e-06	2.0381851154e-11	0.46659206078	0.502207924291	1.84326003536e-13	0.076283652495
KMT2E	1	0.230181168929	0.171884762935	0.499881826073	0.502207924291	0.0341290672971	0.438769315147
KMT2D	13	1.28296141703e-07	2.29855784044e-17	0.137392853551	0.502207924291	5.25192709991e-17	0.417297851535
HCFC1	4	3.3414736027e-09	1.38296849687e-20	0.137392853551	0.502207924291	6.67996585807e-21	0.0653515568622
ARX	2	0.124497410174	0.271303856399	0.288113263834	0.502207924291	0.0613559555965	0.0124177262407
CTCFL	1	0.137500981967	0.0522763516444	0.471122705194	0.502207924291	0.0160699828503	0.247280982961
BCL6	8	3.37969528473e-06	6.33118116171e-11	0.0643341306353	0.502207924291	4.7568899597e-16	0.45316346152
ISL1	4	0.127100872441	0.0590134894627	0.335167189487	0.502207924291	0.00752124571864	0.443972966664
CDX2	11	0.0293403309913	0.00254020952046	0.25435773531	0.502207924291	0.00028372265286	0.236174487866
ARI3A	2	0.000294709513687	2.35494565602e-06	0.141242877293	0.502207924291	4.4772662379e-11	0.297253414459
MAFF	4	0.046960960418	0.00253416040707	0.418732670356	0.502207924291	0.00107930348565	0.39708799964
EOMES	2	0.000372125887373	3.13763661987e-08	0.330919188478	0.502207924291	1.35174867447e-08	0.101238408008
KDM4A	2	0.312508225319	0.132286024816	0.499881826073	0.502207924291	0.198796034268	0.451476003108
TLE3	1	0.0432218241374	0.0472574320007	0.40407325455	0.502207924291	0.000172465676741	0.0912008735079
PHC1	1	0.121666892	0.00817954288954	0.446545603507	0.502207924291	0.423208587976	0.0343422847894
TLE2	1	0.0426420058087	0.0475508896067	0.40407325455	0.502207924291	0.000160208964681	0.0912008735079
MYC	47	2.1089436737e-11	1.31280752965e-30	0.137392853551	0.502207924291	8.51119738857e-22	0.0541109896345
MYB	2	0.0194175690258	0.00214931966208	0.256711396319	0.502207924291	6.88302024683e-05	0.144732318603
DDIT3	1	0.245206736164	0.0853941803276	0.494597024082	0.502207924291	0.086273327964	0.484420036374
FLI1	11	6.79889858555e-14	1.07628264926e-36	0.20031319614	0.502207924291	3.20464252929e-29	0.418691132577
RBP2	1	0.00137453838924	2.4524583858e-05	0.347885512402	0.502207924291	6.30255774056e-09	0.181696258449
TLE4	1	0.0426420058087	0.0475508896067	0.40407325455	0.502207924291	0.000160208964681	0.0912008735079
TBX3	5	6.8047467623e-05	1.15435999713e-07	0.182050087399	0.502207924291	3.13706205425e-13	0.440677632213
ZKSC1	2	0.00726621547084	2.79679417835e-06	0.399125971362	0.502207924291	0.000193496362762	0.186730172583
CTR9	1	0.00221039720947	3.9715798798e-07	0.499881826073	0.502207924291	1.26394572225e-06	0.418705806033
GRIP1	2	2.09991756301e-07	1.07620109931e-15	0.349770833339	0.502207924291	6.94604436194e-17	0.031096613257
KDM5A	3	0.000493423348289	8.76408557938e-08	0.480256894559	0.502207924291	2.78108519107e-07	0.00497531300855
KDM5B	1	0.383629649204	0.204205878619	0.43171394134	0.502207924291	0.436657008925	0.429806038648
KDM5C	2	0.188060553314	0.0518103485579	0.194580773695	0.502207924291	0.246786212052	0.188264161662
BATF	22	2.79709799599e-17	1.33427650205e-42	0.207479456488	0.502207924291	1.7271632e-38	0.00713018066018
VDR	9	0.000164907696192	6.23582284205e-12	0.293096787991	0.502207924291	7.31010713073e-06	0.0181757563462
RFA2	5	5.28995779849e-09	1.76066215818e-18	0.306848878607	0.502207924291	3.17387409352e-20	0.00048104666803
CNDH2	2	0.163613938748	0.0115795271331	0.237384812379	0.502207924291	0.435441573909	0.19504925323
INO80	1	0.000144086811941	3.44848384263e-11	0.254277682079	0.502207924291	7.44324012689e-08	0.189469422277
EP400	3	0.000279136734524	1.07761332103e-06	0.257482095527	0.502207924291	7.45289267279e-11	0.16317985898
HEXI1	1	0.0739778214983	0.00475465269818	0.462261117318	0.502207924291	0.0178264373161	0.112603893796
EED	2	0.0308576081749	1.10523762011e-05	0.423387249645	0.502207924291	0.435441573909	0.0273403716862
CHD1	4	3.34944523991e-07	4.87031922869e-20	0.492913750025	0.502207924291	1.7171850669e-11	0.020362700982
CHD2	2	4.22641836509e-07	3.19681755645e-17	0.419916129554	0.502207924291	6.72932653577e-15	0.297253414459
AP2A	6	1.38460341825e-06	4.74091254919e-13	0.0643341306353	0.502207924291	7.93498832319e-16	0.418691132577
CHD4	20	2.94839824828e-07	2.58396820364e-13	0.213013225843	0.502207924291	2.57499775213e-19	0.313023232931
AP2C	2	7.72517383091e-05	2.4568051586e-09	0.313138753368	0.502207924291	1.90551480873e-11	0.373712720127
ASXL1	1	3.31915162581e-08	1.08601280762e-23	0.158928766809	0.502207924291	1.04048124298e-13	0.446663211892
RAD21	23	7.26340473631e-05	0.000194875168214	0.347885512402	0.502207924291	2.24201855916e-14	0.00264841240769
OTX2	10	2.92546957146e-06	1.11820025727e-12	0.207972805485	0.502207924291	3.75890313942e-15	0.488098071999
NR5A2	2	0.00849148737459	2.74694964914e-05	0.235337868359	0.502207924291	3.07088156142e-05	0.442822519734
TFE3	3	0.0249096391111	5.38265997735e-05	0.318341911822	0.502207924291	0.00484249196748	0.23014097106
TFE2	12	3.51317921155e-11	4.17836259343e-29	0.137392853551	0.502207924291	5.99848740638e-23	0.309461011158
TOP2B	1	0.119709714271	0.0991710417851	0.313138753368	0.502207924291	0.00499772251995	0.315405728086
TOP2A	4	0.00446464356471	0.0001459499722	0.182050087399	0.502207924291	4.21488682275e-07	0.315405728086
SMC1A	11	0.00102713127653	0.00108373476953	0.450854509477	0.502207924291	2.86404788443e-10	0.0162669641083
NCOA2	4	4.31434447034e-08	5.7683554528e-18	0.104779105548	0.502207924291	1.14575381673e-18	0.429806038648
NUCKS	1	0.000237607702081	5.87862932955e-09	0.137392853551	0.502207924291	5.15094560621e-09	0.362486490597
STAG2	2	0.147054665949	0.166218836595	0.470022176009	0.502207924291	0.00898602463095	0.19504925323
STAG1	2	0.0435846490853	0.408807527899	0.268155155876	0.502207924291	6.69825451816e-05	0.0426498517123
JARD2	13	0.0235780977208	0.0013500487406	0.346389150032	0.502207924291	0.010837698941	0.00286292153082
TE2IP	4	0.107054020995	0.0392555896657	0.492913750025	0.502207924291	0.00458764015295	0.315405728086
SPT5H	8	1.88118840205e-08	5.97477617816e-18	0.23887239297	0.502207924291	2.01429811902e-20	0.16317985898
ETV2	4	0.0108237042257	5.98337301042e-06	0.330014601521	0.502207924291	0.000442780683656	0.338320347744
TAF3	3	8.40269108404e-06	3.41067239061e-09	0.321829486603	0.502207924291	3.0058992817e-16	0.252794815873
TAF1	1	1.04852551661e-05	2.15937440202e-15	0.447398085372	0.502207924291	1.43761767485e-09	0.181696258449
ETV6	4	5.89297222272e-11	4.61312840912e-33	0.104779105548	0.502207924291	9.84898161067e-18	0.297253414459
CNDG2	2	6.97959229539e-05	4.94279016548e-09	0.358574944801	0.502207924291	4.86636887084e-12	0.382392681813
HNF4A	14	2.60551604253e-05	2.11991816426e-09	0.390516723651	0.502207924291	6.8981510554e-14	0.418691132577
KDM1A	14	3.45693787279e-09	2.39647303588e-21	0.114002640519	0.502207924291	2.23365877543e-20	0.161090535602
HTF4	1	0.322785154716	0.122001013347	0.490241643141	0.502207924291	0.247703012248	0.470954854205
DMRT1	1	0.0109495299185	4.09308062748e-06	0.218215121795	0.502207924291	0.000785140824189	0.446900777028
FOSB	8	3.41926327931e-06	1.40027811338e-17	0.104779105548	0.502207924291	1.74983998827e-09	0.362486490597
SUH	22	9.51265395214e-06	3.71820113565e-15	0.182050087399	0.502207924291	5.25777302621e-10	0.435812142238
IKZF1	16	2.43410301807e-14	2.1440538761e-33	0.20031319614	0.502207924291	3.37596672182e-34	0.11734586792
NCOR2	4	3.13779852564e-08	6.26193096575e-16	0.435573757826	0.502207924291	1.63790621584e-21	0.13557596322
IKZF3	1	0.00318901370881	2.85236666334e-05	0.14105669618	0.502207924291	5.369732617e-07	0.303981146962
NANOG	15	1.77696113137e-06	4.58605703875e-12	0.182050087399	0.502207924291	9.83112512925e-17	0.429806038648
FOXK1	1	0.000787645377605	2.69717747737e-09	0.303795880796	0.502207924291	2.7151160024e-06	0.271325297132
CHD7	2	0.162553689011	0.0374899757938	0.254277682079	0.502207924291	0.130476170044	0.181696258449
KDM6A	14	4.03459791849e-05	2.21823907348e-11	0.137392853551	0.502207924291	1.90326854315e-10	0.366982348169
NBN	4	1.91798833694e-05	1.18339559354e-09	0.104779105548	0.502207924291	4.57027797938e-13	0.0912008735079
KDM6B	6	5.64299644576e-07	1.07106202142e-14	0.167846497513	0.502207924291	1.29527280226e-16	0.489302205026
NFKB1	11	0.000693480400971	6.15449392521e-06	0.288113263834	0.502207924291	7.20289740367e-07	0.000250048681292
HELLS	2	6.79153595272e-05	2.10938214723e-09	0.0112007752677	0.502207924291	4.26244495117e-10	0.285689531219
LYL1	1	0.257036583989	0.396612684209	0.330919188478	0.502207924291	0.0940465616773	0.18099212142
ATOH1	3	0.00798334375754	2.33309039308e-05	0.419916129554	0.502207924291	1.53346530464e-05	0.429806038648
ELL	1	0.342262525839	0.420051856982	0.213013225843	0.502207924291	0.33138598671	0.315405728086
H2B1A	3	0.294662612608	0.36319892383	0.332717970619	0.502207924291	0.473435581915	0.0773143142667
HIRA	3	0.0461057892046	0.057697258104	0.182050087399	0.502207924291	0.010837698941	0.00364427038001
MTF2	1	0.092871750673	0.0138203210415	0.45458331143	0.502207924291	0.0678171343567	0.0322896655021
ZN322	1	0.229588894895	0.0203841301981	0.494156004022	0.502207924291	0.27930576146	0.451476003108
HXA2	2	0.413366834093	0.36319892383	0.323067457805	0.502207924291	0.464767560339	0.440677632213
ZN281	2	0.244357895938	0.0575910900454	0.504027040869	0.502207924291	0.142734909842	0.418705806033
JUNB	11	1.81062301477e-15	5.4095110547e-32	0.340863694297	0.502207924291	1.11100372003e-34	1.89148259075e-08
JUND	6	4.76853055675e-10	9.10008294714e-23	0.31338744464	0.502207924291	6.42004409376e-24	0.268147858915
OVOL2	1	0.123272614572	0.00780435183916	0.492913750025	0.502207924291	0.0337870006043	0.436106000776
ELF1	2	3.05249921999e-13	7.73050412013e-40	0.0864889841255	0.502207924291	1.83634011771e-22	0.429806038648
TAL1	39	7.53873279888e-08	7.68059354065e-14	0.221843420185	0.502207924291	1.28359429833e-17	2.21686413548e-05
ELF5	1	0.00465398684179	7.60220170274e-05	0.271498787785	0.502207924291	4.77984599404e-07	0.440677632213
TF7L2	3	6.00429596522e-06	7.31395357725e-11	0.146123139093	0.502207924291	4.60984291867e-15	0.315405728086
GRHL2	1	0.0404176384554	0.0488686418218	0.213013225843	0.502207924291	0.000119141596935	0.173169282333
GRHL3	4	1.73698728477e-05	3.96426032634e-10	0.0582579822774	0.502207924291	4.58622310814e-13	0.297253414459
CRY1	1	0.00627414606299	2.38363874361e-05	0.182050087399	0.502207924291	2.63840731188e-05	0.169089404248
CRY2	1	0.0102597391824	5.38265997735e-05	0.104779105548	0.502207924291	0.000108492165258	0.369937222531
CTNB1	12	0.000164779094007	1.42828372941e-07	0.326249575036	0.502207924291	1.67747713234e-11	0.309461011158
GLI3	3	0.0416446533778	0.000267884006933	0.344653865436	0.502207924291	0.017180081015	0.157238013954
GLI1	5	0.161514321397	0.444857120917	0.446545603507	0.502207924291	0.0120805376045	0.0912008735079
PSB1	2	0.435727301751	0.390801925664	0.357922510736	0.502207924291	0.456578960427	0.489698416302
MSX1	1	0.0283543447381	0.00028491864661	0.340863694297	0.502207924291	0.00552060336322	0.0680653920546
NACC1	1	0.123883174084	0.102928918049	0.492913750025	0.502207924291	0.0263240671025	0.0435027518152
SIN3B	11	1.93379883887e-08	2.08007098224e-21	0.494156004022	0.502207924291	1.21887219416e-17	0.429806038648
ZMIZ1	2	1.55651463682e-09	9.09031121041e-26	0.477152819264	0.502207924291	1.89404345789e-18	0.221440114998
SIN3A	14	1.9260734553e-09	3.30136379809e-20	0.288113263834	0.502207924291	1.29107513996e-23	0.429806038648
NCOR1	6	8.79393066381e-10	4.63692128794e-23	0.393511508671	0.502207924291	3.90783751135e-22	0.146861501753
ASCL2	1	3.72542409932e-06	1.05731905871e-15	0.130463212974	0.502207924291	1.19702064324e-09	0.00865364881258
PAXI1	3	1.01872134472e-11	9.96392352947e-28	0.340863694297	0.502207924291	3.53907562745e-26	0.0181757563462
SETB1	4	0.17092309764	0.461562612762	0.323067457805	0.502207924291	0.00526584831164	0.369937222531
LUZP1	1	0.455794964099	0.385498611238	0.478075116266	0.502207924291	0.444339707964	0.478332587361
ERR2	1	0.0160412305996	6.67153533801e-05	0.347881153596	0.502207924291	0.000194646558001	0.46816767952
BAP1	1	1.40153147856e-07	4.53887397912e-16	0.438232856259	0.502207924291	1.61547541509e-18	0.335102222362
NFIC	2	0.348422006685	0.2932647822	0.447398085372	0.502207924291	0.159174556005	0.489572084961
NFIB	3	1.9044724835e-05	2.43526063967e-12	0.0948895835884	0.502207924291	4.4097027244e-11	0.489572084961
GFI1	1	0.000120023286739	2.81419067277e-10	0.104779105548	0.502207924291	3.96173585641e-09	0.424551415922
MXI1	2	1.32712193879e-06	5.37342838353e-13	0.288113263834	0.502207924291	2.09453538174e-16	0.252794815873
BRAC	4	0.000854781825446	7.01921680443e-06	0.14105669618	0.502207924291	6.24888464007e-09	0.146861501753
ZFP57	1	0.159025439743	0.233099724618	0.399125971362	0.502207924291	0.11457119604	0.0189986293029
HXB4	7	1.16331600806e-09	4.40669792408e-24	0.340863694297	0.502207924291	6.37795182022e-21	0.442822519734
ATF4	3	1.97754586519e-07	7.97882822042e-15	0.425129081124	0.502207924291	1.20887492476e-18	0.146861501753
ERR1	1	0.0790599716952	0.0193434304807	0.475202950817	0.502207924291	0.0013671989611	0.489390310026
ATF3	10	0.00255285576037	1.29064638025e-06	0.430004097982	0.502207924291	2.14102618567e-06	0.181696258449
ATF2	2	6.16972541192e-05	2.94361161047e-12	0.346389150032	0.502207924291	3.60394979954e-09	0.484420036374
