TF	Number_of_ChIPexp	t_score_mean	baseMean	log2FoldChange	lfcSE	pvalue	padj
NELFB	1	-0.402725606761	6.6791515532	-1.49897218238	-0.58918827366	-8.00014231672	1.39552318575
NELFA	4	0.0399475383516	1.76938622959	-1.30424882612	-1.45502456098	-1.48349156975	2.67311641901
MEN1	3	-0.360394561421	5.57017857529	-1.10904344508	-0.617828972948	-6.6067530062	0.961474041828
NELFE	2	-0.0812883278911	9.37259360309	-1.21221458247	0.0178632510511	-9.44573383676	0.861049925625
HSF2	3	-0.593897582424	2.41787113713	-0.101733540555	0.80537601312	-2.97979199696	-3.11120952485
LHX2	2	-0.868392422771	-0.7136496937	-1.06645075429	-0.962217696448	0.408544769235	-2.00818873865
LHX3	2	-0.341319466441	1.65839993774	-0.53946621354	0.427684793132	-1.95848812526	-1.29472772428
NR0B1	3	-0.425172170836	1.53789472732	-0.544480087935	-0.427761248925	-1.92661574139	-0.764898503256
STA5A	22	-0.849213446833	11.5814015635	-0.604658002763	0.482727291958	-11.7877960125	-3.91774207436
STA5B	17	-0.89033902722	13.7154224267	-0.451253204047	0.422940596815	-13.5725127214	-4.56629223423
KDM2A	2	-0.383244224009	6.05908711489	-1.94712292404	-0.732425735995	-6.45927831623	1.16351874133
KDM2B	14	-0.78873998021	5.396035695	-1.87390294199	-0.772160660607	-7.03905732289	0.345385329441
WDR5	4	-0.114064886879	8.28460125486	-1.14882598459	-0.26009113383	-8.15047668052	0.704468109681
PIT1	3	0.2868450977	5.52727756125	-1.66077303284	-0.662973701211	-5.44271572712	3.67341038842
EHF	1	-0.590795330972	3.78283078246	-1.1145246289	0.234839956112	-4.91371920895	-0.943403555573
GATA6	6	-0.141624674728	3.30040524462	0.216242382508	0.32399177866	-3.34267161539	-1.20609116404
GATA4	15	-0.717790815411	8.37143015782	-2.52943043701	-0.934050489157	-8.82097334509	0.324070036379
GATA2	22	-0.228346773015	8.19122330641	0.582408624716	0.771536731346	-8.20232257847	-2.48457994908
GATA3	19	-0.814757696748	8.84769441592	-1.55412833546	-1.29593196507	-7.31164866847	-2.75977393066
GATA1	49	-0.216100819829	10.2566816918	0.480421253764	1.09748090053	-10.3594902769	-2.55559766831
NOTC1	5	-0.247760189206	6.05497235794	-0.786480153973	0.0138927916599	-5.86025397656	-0.660931965097
CCND1	1	-0.270323119892	5.64997197471	-1.76056616482	-1.59067706321	-5.80177741573	2.15143306959
MAX	7	0.341967924563	8.39867540262	-0.580551342877	0.200797833973	-7.99919049449	1.69010822358
MAZ	2	-0.509338588841	8.11162465348	-0.953946949145	0.540110316279	-8.7944949741	-1.44998599072
AHR	11	-0.281532807873	2.65935334708	0.973019853432	1.04572509471	-3.20686790318	-2.87889443141
CSN1	2	0.0495418230278	7.0236857557	-1.90986710171	-0.870611004851	-6.11434361505	2.11884508105
MAF	6	-0.69048663153	12.0009412622	-0.863864110368	0.0433847442813	-11.344148679	-3.28874637477
CTCF	116	-0.766781320342	5.04126817688	0.279784817454	0.989576061336	-8.90575607294	-1.23877958444
ATF7	1	-0.0822896425759	4.68438282466	0.702101734223	0.810477966948	-4.91258921542	-1.69582152329
BACH2	1	-0.464119628766	8.4301323819	-0.421999937531	0.406937450778	-6.94283886263	-3.79282917634
SOX17	8	-0.612976653933	7.42791653294	-1.41350402419	0.115297835419	-7.50177293976	-1.69282067408
ZIC2	2	-0.509547317301	3.3572911328	-0.0586906648347	-0.0779138271593	-4.29478024784	-1.47364297948
ZIC3	2	-0.515405693388	0.952818323074	0.0119564125803	-0.0882003141619	-1.505907153	-1.94769573543
DMAP1	2	0.174455742073	7.03776766385	-0.670218446033	-0.209704127931	-6.47230473847	1.18673835895
NFIL3	1	-0.914413936443	1.85509618757	-0.819546245001	0.0975992463664	-4.32775361184	-1.37746525931
NR1H2	1	-0.273175916872	1.86035548139	-0.619550986113	-0.366203203437	-2.26948955281	0.0290086766011
PEBB	5	-0.617024222971	10.134119942	-2.38482816836	-0.779761344624	-8.83456292931	-1.22008861457
PPARA	4	-0.825348931586	4.76469756832	-1.47151266947	-0.612370668037	-6.31915423722	-0.488404651528
ING1	2	-0.401809742462	9.12116170659	-1.87397985071	-0.542655062892	-8.97013181244	0.256556307139
PHX2A	1	-0.506688004253	0.566041019465	-1.35955613698	-0.0440182366931	-0.526777660974	-1.16912900609
PSIP1	3	0.00659384665481	-0.536949317087	0.416220914715	0.494995214447	-0.168913349085	-0.172384229717
TFAP4	1	-0.581475873906	8.20846679543	-0.939841395038	-0.34228883616	-9.21724983038	-0.616466103381
PTF1A	8	-0.242308263134	1.61502413795	-0.572362289983	-0.314830243931	-1.67824235458	-0.261130565124
RING2	44	-1.16089296617	2.89786421074	-1.62679256709	-0.510796259826	-4.7731153537	-1.79162486096
RING1	2	-0.383145338279	5.01521344536	-1.15858866908	-0.857541810304	-5.79146698337	0.876657326006
PRDM4	4	-0.459092515959	1.56128566938	-1.11850387652	-0.529146025518	-1.98280116769	-0.226297179444
PRDM5	1	-0.306989546349	0.333200288462	-0.86052490645	-1.01188124943	-1.0519631524	1.05622128807
CBP	14	0.0340821191118	7.74331367496	-0.917473553049	-0.0789674815397	-6.863046259	0.286584214185
PRDM1	3	0.0850484597981	3.17299122845	0.662676041827	-0.0291596606272	-3.19034073812	-0.190924572543
TF2L1	1	-0.552708790128	3.1427213018	-0.522024485979	-0.0458179023043	-4.07732720891	-1.26109565525
PRDM9	1	-0.564612410205	-1.22030447836	-0.652396646109	-0.363551933341	0.201546614412	-0.788355607631
ASH2L	2	0.0554123611939	9.94084637179	-0.929703034551	0.148558081285	-9.20311756556	0.320477953011
SMAD4	2	0.459783434877	2.7570599765	0.568560619518	-0.0111030344068	-1.13351162344	0.117911236209
SMAD5	1	0.0330324546741	0.300668516198	0.0898370384454	-0.0876340578111	-0.504948451037	0.367239227576
TLE1	1	-0.558727041669	1.78999402804	0.529739817572	0.599543213659	-3.71882999043	-1.99408227719
SMAD1	8	0.19481836283	3.98719940152	-1.5267114695	-0.435562129995	-1.53463815435	0.483804166471
SMAD2	2	-0.802923233271	0.309256611924	-0.688048914307	-0.370070830252	-1.58945284792	-1.6763001858
SMAD3	11	-0.728966066306	5.81120247648	-1.74732442621	-1.04044251476	-6.89576958008	0.227503713039
REL	5	-0.404005287889	3.50905152946	0.318152539916	-0.0557064660423	-3.46793558655	-2.32358845623
UTF1	3	-0.694700104086	3.96432674951	-0.631728135703	0.113712382449	-6.00496542757	-0.91484608911
NCOA3	1	-0.213491822999	-0.385435542016	-0.410013537767	-0.259793181736	-0.0965273775445	0.0843105240672
NCOA1	1	-0.340253828518	3.26642579776	-1.74596344551	-0.713165682938	-2.70063876915	0.192072957247
KANL3	4	0.0983749913436	7.92699575521	-3.42969375228	-1.58870536498	-6.84234607977	4.42562439854
SMC3	12	-0.838024389683	4.27275477326	0.320454597151	1.07815800783	-7.5991431927	-2.26234613396
SMC5	5	-0.667009217641	10.4562179278	-0.477260268442	0.484311573427	-10.658939389	-3.13937593199
PO2F2	1	0.531419294758	2.73979892277	0.457110541623	0.199032188129	-1.15839336716	0.419548188423
ELL3	1	-0.32367354636	4.76773166454	-1.08719975942	-0.654053665417	-3.89411767967	-0.750728291832
ELL2	3	0.577028045086	5.04567490573	-0.311011581307	0.130997289067	-1.5720301479	-0.408490240159
MECP2	8	-0.702099853259	-0.270438862334	0.413611267251	0.896616456198	-2.12886571459	-2.42142241282
RXRA	33	-0.623518553141	8.4371733934	-2.06970066352	-0.999957134519	-8.91759002187	0.432481660804
SPIB	2	0.0987392696204	10.405537651	-0.0342317917924	0.582299403224	-8.88011464685	-1.57979426745
OLIG2	2	0.046969113415	1.74976730651	-0.213194448922	0.494089738056	-1.38523807441	-0.410578954159
YAP1	1	-0.0544527990276	0.109635854336	0.330406337313	-0.00422921331277	-0.325683308315	-0.382393665159
MSGN1	1	-0.53047873823	-0.856115664244	-0.44668123239	-0.108916506904	-0.952799651972	-0.287880635639
CXXC1	1	-0.0265055926105	6.73560180914	-1.15186331334	-0.0469425286904	-7.22822304045	1.55889911029
TBP	13	-0.183219416317	10.2203071966	-1.6329197901	-0.509155967289	-10.0025085469	1.00818002613
UBP16	3	0.0933315741456	2.83773089717	-2.13813397356	-0.655008971013	-0.940302489823	1.36237240796
DNJC2	1	-0.226967078429	0.151189158103	-1.03292334737	-0.682873762175	-0.0174757999162	0.447248359209
MYF5	1	0.488692338467	-0.797340849512	-0.125349227522	-0.24837410049	2.24044250129	1.37408336857
MCRS1	2	0.00249168406224	6.14690108965	-1.52950695102	-0.34472681447	-7.09256129832	2.83235239447
ERG	7	-0.205068668243	12.3958842331	-3.61105316048	-1.5868970934	-9.9472144779	1.7239371575
FIZ1	1	-0.405547715907	2.79519116763	-0.643553972082	-0.189551922357	-4.04041401577	0.0505901630447
HAND1	1	-0.175146081575	0.631983515575	-0.413123243806	-0.696293550197	-0.302705776747	-0.0955913527006
HAND2	3	-0.560812928145	0.424825034021	0.0324703348889	0.021151683471	-1.17619168211	-2.10632001099
MITF	1	-0.0318534566826	3.47246106164	-0.0404844285388	0.664714086039	-3.02190019102	-1.23405781153
MYOG	8	-0.486926289363	6.56410183137	-2.26468680413	-0.695597677055	-6.94917364588	0.910724848879
GFI1B	1	-0.894082243278	3.35558669721	-1.22392785107	0.184948051523	-4.23709502389	-2.54992309017
MYOD1	20	-0.576687221075	5.72935487348	-1.7297230033	-0.538859350995	-5.72995850582	-0.614250118735
UBF1	3	-0.911136225217	8.71523245279	-2.6891458672	-0.222505811387	-8.83210771556	-1.52715418473
SPI1	113	-0.606135524907	12.2817346093	-0.0293228213031	1.01439616838	-13.2035661145	-3.09391946636
DMRTB	1	-0.397088087456	4.86695079595	-1.6746793953	-0.63282954574	-4.95429164862	0.409409356443
KLF5	4	-0.72057352797	6.87976826526	-2.17818608775	-1.2893831394	-7.7266809337	0.711614255738
KLF4	16	-0.742851410761	8.50238035456	-1.48563302147	-0.712678948341	-8.95746920243	-1.06085623612
KLF3	3	-0.0893661189917	6.69108014532	-0.781512562392	0.062389242047	-5.73078197087	-0.688005449059
KLF2	1	-0.528552163972	2.6079318899	-0.805021184975	-0.594811966074	-2.4733587684	-1.37750079031
KLF1	3	0.196143080746	10.3105854417	-2.2703487405	-0.96403313392	-7.76039880169	1.66491063817
CNOT3	1	-0.0976430476275	-0.962639400848	-0.853893100825	-0.654042576918	0.466601977852	1.5157578626
RYBP	4	-0.63464817432	3.84055831337	-0.781764799136	0.150107971653	-5.75231189241	-0.629830465073
P53	10	-0.484834437981	5.2255750538	-1.21212458407	-0.320358747406	-5.41366440506	-0.703599507166
BMI1	3	-1.15787026551	-0.971913807818	-0.671673665414	-0.691105334058	-0.991804277388	-2.46285424285
REST	12	-0.21824323076	3.10557952777	-0.969237815914	-0.700785483019	-3.29643814867	0.769665766023
E4F1	2	0.645743003091	0.224786942105	-0.281015355169	-0.647366569515	1.34945758872	2.58285240932
E2F4	16	-0.698963085307	7.91319564209	1.54508949864	0.764821410797	-11.2959965731	-2.42192540498
E2F3	2	-0.7600839099	6.7508014729	-2.34456450751	-0.565515817178	-7.25545350694	-0.385687190768
E2F2	3	-1.10334335041	2.28482237443	0.559598897093	0.467412728836	-6.05031970535	-2.77823104704
E2F1	5	-0.328340446286	10.9580634015	1.30753276433	0.721997505434	-11.0863766435	-3.54291925913
MBD4	4	-0.394360695639	-0.549785334261	0.352693048897	0.235203204269	-1.77364231756	-0.236272079538
MBD1	9	-0.71617964122	1.5061044653	-0.103905914694	0.162570073524	-4.26884596157	-0.876820868653
MBD3	15	-0.659077756738	5.14023878715	-0.876249922192	-0.185081932364	-6.20114035587	-1.17315536042
MBD2	6	-0.26744920073	0.321674016821	0.804427817531	0.883630004883	-1.73904417798	-1.6079336649
AICDA	3	-0.181366697592	8.5356584892	-0.570733868325	0.232206177586	-8.68184956561	-0.422114720809
STAT4	3	-0.676306237689	11.7487711234	0.4650552139	0.585976761898	-11.5328651396	-4.64846914804
RARA	8	-0.444143914013	8.70714718451	-2.65888693046	-1.08125161061	-8.76390401676	1.57617580327
RARB	4	-0.506098899413	7.75085352337	-2.29148979068	-1.32154808403	-8.0929637234	1.42465357767
RARG	6	-0.140514308925	2.70184073129	-2.36090728608	-1.22856601618	-1.3218434966	1.50690452294
HDAC6	2	0.0206719319331	1.63754311234	-0.576940473249	-0.193486922101	-0.657626274916	-0.106129782408
SIX1	3	-0.680225734795	3.6943093057	0.0676509492408	0.674220488064	-5.51453316436	-2.32277625262
SIX2	2	-0.159051725975	1.55409895595	-0.0223821489633	0.0480163513797	-1.52777294414	-0.847218844096
THB	5	-0.332233689423	5.4800697899	-0.905780386969	-0.179238742239	-6.60240689257	0.546187784758
BMAL1	15	-0.485162424165	3.3627045061	-2.7758983774	-2.12477543336	-2.70971597517	1.821873159
NKX32	2	-0.781015816651	3.53953972543	-2.0408771716	-1.33913730948	-4.39810623358	0.333501905966
NKX31	4	-0.405467126872	4.28415032104	-1.96384601407	-0.754487601454	-3.53893693456	-0.054215405312
HXC9	3	0.116923877312	1.94287189064	0.129874704324	0.595916395244	-2.23448009378	0.150436490133
RB	1	-0.515503724523	0.0586689806454	-0.45029147971	-0.247039037366	-1.27331969969	-0.665537386499
FEZF2	2	-0.515307857737	6.17172019528	-2.18330316423	-1.03189880706	-7.28723646245	1.75417894977
RELB	5	-0.920787031134	5.91562696821	0.475384635399	-0.125772849824	-5.88756210636	-4.98161180309
USF2	3	0.0358619163223	6.62952396757	-0.938686698745	0.0915707729511	-6.13674530417	0.533646844007
WT1	4	-1.16422809755	6.34692258786	-2.88670609535	-0.981973494339	-7.07472873193	-1.224654754
RBPJL	2	-0.0280318378143	2.92841007473	-1.26890306814	-0.673097988775	-3.09287079554	1.96630258865
DPY30	1	-0.329437683862	4.32446248527	-1.64370546192	-0.544564448911	-6.09764037739	2.31425938364
LDB1	4	-0.307608303497	7.07085109677	-0.54935216544	0.466522217711	-7.01122299543	-1.5148396711
SUV91	1	0.000972901639225	0.0658284870558	1.95933144959	1.64990793851	-1.55787757546	-2.1123257915
SUV92	1	-0.301423302579	-0.23649539885	-0.36477182726	-0.31841968811	-0.479492442946	-0.107937155731
SNAI1	1	-0.257593733028	-0.0335133211675	-0.74807083872	-0.178645689636	-0.501696973456	0.17395815784
RFX6	1	-0.456832492096	-1.55178646458	0.244089808392	0.402985627435	-1.11210759102	-0.267343840702
RFX1	1	-0.683459601073	5.52065649277	-1.94216310312	-0.553644697934	-6.7497859966	0.307639299508
FOXP3	8	-0.721674953191	14.326015473	-2.18869413484	-0.584188852343	-11.0963088791	-4.06519837268
EZH1	8	-0.943019971296	0.466457212142	-0.270200121335	0.241875325527	-2.20394937629	-2.94928289652
MSL1	2	-0.217746615181	3.71120413297	-1.83067117254	-0.557449722716	-2.51848903138	0.106672717762
MSL2	4	-0.920396888734	7.24878734721	-4.43434196527	-2.28788094891	-6.14708428194	1.01853540524
TWST1	3	-0.0789723229357	1.48401935121	-0.686104496359	-0.545128166757	-0.831779167248	0.184130864474
MED1	37	-0.321796149902	12.0387408664	-2.30949458599	-0.749918986164	-10.5164487507	-0.0718592930849
PRGC1	1	0.252266288416	2.04040204194	0.536363223937	0.126194935235	-1.52719979907	0.0855710400304
ZFP384	3	-0.349703352405	7.20032817439	-0.398373318319	0.695385171737	-7.58645371501	-1.65940307482
RUNX2	7	-0.402259752916	8.30450818953	-1.95016551127	-1.24536840293	-8.51061419269	1.39034115278
DNM3B	9	-0.47081443639	1.74375132473	-0.889523027497	-0.435697719868	-2.3893117801	-0.383290979205
MKL1	1	0.245425185343	-0.190259736697	-0.00991557508242	-0.112767752005	1.02071429423	0.519354696273
MKL2	2	0.0837721742077	-0.119056974629	-0.102101491915	-0.122981464164	0.159296146053	0.603704655694
RUNX1	21	-0.555469036566	12.9923524327	-1.78497055584	-0.426386886088	-11.5546742753	-2.00366589829
CBX1	2	-0.264507975017	-0.160522068628	0.171569139117	0.161040822842	-0.400979279485	-1.09364848893
SP16H	1	0.169277935018	1.13741777239	-0.189438448371	-0.642389936556	-0.133519722677	0.674320010308
TCF7	5	-0.455570592755	12.702288105	-2.75370343343	-0.773878587556	-10.8347261791	-0.61783286876
NDF1	1	-0.348046335769	5.79594194293	-1.14114763831	-0.219496229101	-7.41686369695	1.24133394259
NDF2	2	0.0813201726734	3.81985084848	-0.304571731659	0.541876313819	-3.94496593557	0.294411368295
GCR	33	-0.751478484849	7.22107943077	0.845792258959	1.11086092804	-9.13079679155	-3.80432825046
NR6A1	2	-0.0737891404024	4.66530246101	-0.173679210783	0.143110545451	-5.15096172	0.147282222307
IRF3	2	-0.415433900962	11.076138804	-1.53118542769	-0.815519249647	-9.19516532443	-1.61143830707
IRF2	4	0.114254094914	2.3799579348	2.13346904207	0.534634447796	-1.87042428778	-2.60636666231
IRF1	7	-0.832599512677	12.0758135476	2.29698709031	1.89321046479	-12.9136183459	-7.51539032023
IRF4	52	-0.904899265338	14.0580643503	-0.919779527072	0.111766783493	-13.9398107173	-3.83473721608
TIF1B	9	-0.616313498713	4.72711456684	-0.933468795155	-0.381752131011	-6.74677275977	0.253311625534
IRF8	10	-0.839869936017	6.1642799226	3.92587442301	2.35482544475	-8.83017675509	-7.81415271535
PO5F1	52	-0.700108790091	7.35567077944	-1.97685602449	-0.771175977461	-8.67446940624	0.566286678312
MEF2A	2	-0.652715169844	0.750876306922	-1.09212460772	-0.325241058446	-1.4684304176	-1.12865607238
CREM	1	-0.207078538438	7.36918306902	-2.17992008321	-0.775848657454	-6.35148531982	0.902678299275
MEF2D	11	-0.721409184344	5.34211022883	-1.95897138333	-0.0608671234008	-5.53737061111	-1.39194703271
TF65	38	-0.742904932665	12.1470867203	-0.280745884997	0.761955059429	-13.0370850178	-3.30573554022
HDAC1	5	-0.42618308133	3.27617651	-0.0773726885674	0.254373639466	-4.76239433681	-0.821698530736
HDAC3	10	-0.501037084568	7.3415971126	-0.0889592243026	0.724236064654	-8.24745392735	-2.23460544844
HDAC2	2	-1.02503313672	0.831160653787	-0.490097255031	-0.538968402262	-3.286427081	-1.64083359908
CLOCK	9	0.306388441617	3.23004636858	-0.925569116425	-0.604880360948	-1.86959395081	1.70193926769
RCOR3	1	-0.636125893617	-0.307595513888	-1.05377839686	-1.22145192658	-0.544853420289	-0.0529502104634
RCOR2	1	-0.722457992761	0.226786905195	-0.670992776236	-0.174717008629	-1.91934413541	-1.07402294873
RCOR1	4	-0.444443506299	7.61048534553	0.0976365477879	1.24543706284	-8.07309730161	-3.10267918605
CBX8	3	-0.339643817361	5.85052677914	-1.64820494306	-0.87257435252	-5.53834083349	0.510374263115
CBX7	4	-0.10055568921	-1.90534154315	0.926939416613	0.776668117455	0.836678254296	-1.13772269126
CBX5	3	-0.314452590539	0.113241555226	0.984586802265	0.432680515698	-1.64269228482	-1.46007954106
CBX3	4	-0.26930698183	7.15150906563	-1.65641562354	-0.376545534997	-7.51006270523	1.04497988899
SMBT1	2	-0.376575440518	7.37214252104	-3.54920045814	-1.65676109478	-6.04780921291	1.99875104219
COE1	9	-0.222271110371	9.3907397207	-0.836897898173	0.17382138754	-8.86277965064	-0.976239111287
SMCA5	2	-0.141839348172	6.23139184102	-0.331451997023	0.657447199023	-6.70312678687	-0.563456997009
SMCA4	22	-0.983314817645	10.4415015593	-1.59063709355	-0.112631951104	-10.4143292179	-3.24047738496
PO3F1	1	-0.58173400314	3.72692056537	-2.97114412566	-1.38859582396	-2.79302673202	0.517176100567
PO3F2	3	0.12067694153	1.3297929247	0.890658558694	0.817545818821	-1.566691259	-0.867921335558
MYT1L	1	-0.123705730895	1.14995266043	-0.381025296333	-0.165312681169	-0.576329639377	-0.64581369803
TBX19	1	0.462454962376	5.25868849969	0.603041277583	1.0657186762	-4.72790741018	0.112733768582
PRGR	5	-0.705205445778	7.70086476151	-2.12654291897	-0.583307416766	-8.38113812651	-0.135903528154
TET1	14	-0.930519573272	3.81846248633	-1.19287806278	-0.0207348998134	-6.16528011924	-1.09216727084
ASCL1	7	-0.480695184259	2.10416255223	-0.911523131342	-0.252721101905	-2.64068253244	-0.702711707842
MTOR	1	-0.344851284507	3.17316661046	-1.85165052181	-0.835813883293	-3.43294368029	1.22298505239
HIF1A	6	-0.0810624345755	12.3804635719	-2.21507169663	-0.377449051511	-9.53159264762	-0.661662349014
EP300	83	-0.787458411967	13.9682927857	-1.71913144922	-0.180122635549	-13.7488863121	-2.25744444866
TAF7L	3	-0.411514434883	8.08518102594	-2.94861819302	-1.29099489671	-8.02288128869	2.11974117806
RAD51	3	-0.258253440508	0.602670864541	-1.20709662685	-0.875306861748	-0.983589272017	1.17205469353
CDK8	1	-0.513211406076	5.54981475185	-1.35421192116	-0.386880724393	-7.20359119394	0.828812057253
CDK9	4	-0.236587689475	7.32940247403	-1.60567302715	-0.434779814101	-7.37926324195	0.907375161805
NRF1	2	0.210242738445	5.626791398	-0.513220509958	0.264502519464	-4.81570657368	0.488846858396
PHF19	4	-1.18980615989	-2.3121391037	-0.667488952327	-0.193397417218	0.991998309308	-3.76800363552
NFYC	1	-0.393586007569	2.80917061593	0.262371453965	0.027520663886	-4.38422866393	-0.682764107693
NFYB	1	0.0488843777764	3.32259894428	0.941003044726	0.52808048067	-4.05372711478	-0.493533466016
NFYA	7	-0.0687123949908	4.99742740031	0.760972573447	-0.0627614174852	-5.96931414318	-0.0698863880543
EZH2	44	-1.83931621766	-3.28306065031	-1.19961380109	-0.327196653119	-0.598491498869	-3.7882184849
PITX2	1	-0.481953057537	5.50236412821	-1.94233219244	-0.857729639708	-4.69547289651	-0.416594687241
NR1D1	4	-0.547556738725	6.74529763622	-1.93297876712	-0.951811440016	-6.31300223101	-0.285288891698
NR1D2	2	-0.49170688226	8.51505330931	-0.452270881969	0.410115200274	-8.93654487943	-1.99488715949
PITX1	2	-0.891889372736	2.7334923851	-1.85720523806	-0.544079283149	-3.96618324382	-0.825471483747
SOX6	2	0.103258412335	-0.14094707009	-0.519458850977	-0.384875212245	0.10197803856	1.45959515643
SOX4	1	-0.490166404583	9.71305895488	-2.91252991148	-0.977794901992	-7.80287718048	-0.47068898385
CEBPB	56	-0.564364243475	9.54913355793	0.0236268095652	0.875766354905	-11.054809177	-2.21553876274
CEBPA	36	-0.39367276013	9.8037955066	-0.160189163978	0.968523055545	-11.0129640064	-1.5675291924
CEBPD	9	0.0359611342297	4.92072914127	1.1161326223	1.56949028604	-4.93398885347	-2.49255752499
KDM4C	5	-0.604499462332	5.05626152152	-2.40913208213	-1.09044415483	-6.82675031847	2.24756772226
KDM4B	1	-0.360762932971	5.84843679256	-0.894446437903	0.154794719709	-6.2611485149	-0.651451224317
MED12	4	-0.569266393111	4.82544584926	-1.75426088357	-0.235477907586	-4.18248326206	-1.49955576161
ETS1	7	-0.533703785703	15.519483595	-2.01740981464	-0.0887011491261	-13.1427668717	-2.93912468799
SUZ12	60	-2.00345175289	-1.84810166481	-1.45757019629	-0.368962511519	-2.41301113774	-3.92961325408
PPARG	24	-0.159302309509	8.16060049252	-1.70384843135	-0.789916779276	-7.97795489962	1.51460807019
SCML2	2	0.0234533467247	-0.828113358939	1.07098613294	1.09174290924	-0.187998944093	-1.02935000553
COT2	1	0.166393611358	1.28412356303	-0.55948530737	-0.561389711306	-0.470153455733	1.13887296817
PBX1	2	-0.148434913664	3.64019918168	-0.356428332056	-0.128961115654	-3.94445619375	0.0474718914645
SOX11	3	0.0582414064592	0.828033869872	0.691510834136	-0.0646218867363	-0.377027637959	-0.786688147017
FOXL2	1	-0.214657763288	2.26805864461	-0.177163247798	0.671670315516	-2.92384432346	-0.912010205306
TGIF1	4	-0.105866882827	10.3217982762	-0.552858394274	0.776840354903	-9.90829312144	-1.16682152949
HSF1	5	-1.20603045097	3.77823110669	-1.39958697527	0.741125469201	-4.77499060881	-4.37493124665
ZFX	1	0.134506782636	7.58521395331	-1.96359325985	-0.898567360074	-5.73475070929	1.68423128908
TBX21	4	-1.22410010985	11.7170954419	-2.33221435068	-0.0673207992754	-10.5683665907	-4.86969425049
TBX20	1	0.00154804236861	2.11699171371	-1.57077752564	-0.704782908908	-0.198693817177	0.365002749853
OGT1	2	-0.421709449254	8.96994782154	-1.45659589806	-0.259131307005	-7.91664222894	-1.44612563381
PKNX2	1	0.732650455783	3.17020102424	0.27059225795	0.636636829353	-1.87193060972	1.4577527771
PKNX1	1	0.343855940608	5.6123183009	0.624467529072	1.06914614809	-5.02428806872	-0.562364206302
RORG	9	-0.0414510354806	11.4071105254	-0.961292449518	0.021056152061	-9.26301862772	-1.41111077763
RORA	1	-0.26252797085	4.7465172942	0.235112443523	0.518919093743	-5.67112090748	-1.14206777824
BRDT	2	-0.206247028302	1.2849415758	0.240243547234	0.0238257838124	-2.60341807117	0.0231720228088
BRCA1	5	-0.540525454816	9.27893907505	-0.375589639211	1.0262926477	-10.3449708236	-2.287298534
ETS2	5	0.00547283611748	7.49455642489	2.27298854022	1.66207665031	-7.80743228477	-3.59482515006
CREB1	13	0.205869151996	9.32790147995	-1.58804072743	-1.25543365016	-7.75253403465	2.29745269226
NFAC1	2	-0.0599809482265	1.65318333634	-0.760889813848	-0.276439812057	-0.867183620953	-0.0485748306131
PER2	1	-0.233840511541	3.05153099215	-1.4346172322	-0.556545544854	-3.19810948217	0.968538709374
PER1	1	-0.346096628523	2.23730754517	-2.14630347353	-1.1637685413	-1.90325213308	1.24553346012
NFAC2	1	-0.334443112976	3.76960908218	0.628482660599	1.19767595302	-4.84643407894	-2.42154918173
BRD4	6	-0.329434166475	12.2953797479	-2.06000912421	-0.496745401554	-10.3444342037	-1.04136185084
ZC11A	3	-0.92155035322	-0.0206339416324	0.81947958025	1.64575258615	-4.12989532278	-2.92245466808
THA	1	-0.211063204217	1.06724894971	0.27929626335	0.22288674907	-2.4914741451	-0.133273838106
KAT8	10	0.310848277344	7.60987240089	-2.66091282901	-1.15404056028	-7.03598872358	4.7953110987
KAT5	3	0.646781226774	6.25851815289	1.20643603665	0.732671300708	-4.78035856649	-0.183360789885
RBBP5	5	-1.07731525142	8.28231866142	-4.60959256908	-1.84649083792	-8.21598862703	1.00317711551
FOXA1	10	-1.28015874175	5.90888599053	-2.92206307441	-1.04743403916	-6.94896973823	-1.39121284746
RUNX3	6	-1.0310031772	13.9365537706	-2.7209489906	-1.18870800516	-12.6158690551	-2.56604360572
DNM3A	6	-1.24521828159	-0.02325224864	-1.3366703761	-1.41490539303	-0.30838499759	-3.1428783926
FOXA2	12	-0.791317152008	5.34017594599	-1.63949797498	-0.690851296357	-7.92162106216	0.95520862747
PRD14	1	-0.0423901074127	3.39239225958	1.04139291478	0.782556926386	-3.93590710796	-1.49238552985
PRD16	4	0.035065569381	1.1448043459	0.0633251100123	0.363640085993	-2.30126033209	0.904818637087
NKX25	2	-0.11625886397	3.27264713075	-1.2321386959	-0.54919864708	-3.54947088263	1.47686677501
SPT6H	2	-0.430376829086	6.5579526972	-1.73054344374	-1.13059807608	-6.28033272717	0.431637404372
NKX21	4	-0.317764056238	6.3429993223	-1.36561411823	-0.546384854016	-6.51963906714	0.499818435906
DNM3L	2	-0.599244797461	0.00196632120182	1.30152755848	1.35714931687	-2.10609527499	-3.55077190886
CRX	5	-0.0922411438784	4.33566762925	-2.69348457997	-1.53555578306	-3.35110128372	2.7832682981
KAT2A	4	0.475630900987	9.57070424893	-1.38224366525	-0.107295773858	-7.59004056664	1.88703026175
SRSF1	2	-0.108685216861	0.0291221016153	-0.0385096382084	-0.247454648248	-0.414776986718	0.128193087254
SRSF2	3	-0.298090656544	2.27503699964	-0.952139332501	-0.386092080507	-1.07039064967	-1.35686821968
EGR2	11	-0.468457510633	10.9048827255	-2.55934363683	-1.08737137068	-9.60916792624	0.008712655051
EGR1	5	0.163556640379	6.60344098954	-0.885779806795	0.199905440805	-4.94986317983	-0.149920241818
JUN	13	0.0500705245897	11.1898670703	0.127663419904	0.811294475824	-10.2080038795	-1.67046846358
MEIS1	13	-0.595660927209	9.79619320037	-0.671083695642	0.304169338876	-10.7252566872	-1.68232679242
SIR1	3	-0.391558194373	6.97648338637	-1.2990966924	-0.687323984707	-7.68881714905	0.740963467918
SIR6	11	-0.326773984146	7.36604539708	-1.98742121274	-0.821030946145	-8.10221771511	1.91075455618
NFE2	4	0.299620409966	4.14055530603	0.271261557684	0.90815668473	-2.93026147288	-0.891610025732
FOS	13	-0.6691196613	8.09858309596	-1.9847883759	-1.15156870525	-7.8929217596	-0.414902561716
SMRC2	2	-1.1382274312	-0.446183680096	-0.733143543212	-0.681708349297	-1.16999184617	-2.66010973725
PARP1	1	0.22281816618	-0.441874870905	-0.0526301808206	-0.10717409753	1.07969297946	0.636077000693
ZN335	6	0.209918906854	2.24684916009	-0.951588057848	-0.788856951139	-0.684119657545	1.22731004071
PAX5	12	-1.1017897665	11.4108541996	-1.65695736084	-0.484850693299	-10.8272357513	-3.95075922665
PAX7	1	0.0460285608803	2.2778576849	0.716468224918	0.345975878889	-1.76318491829	-1.34697406601
PAX6	4	-0.563459141163	4.69245072812	-1.35443306756	-0.318844959879	-6.0165247935	0.180056386997
PAX3	1	0.512976860469	0.499222795807	-0.332936435158	-0.449034666212	1.01982876427	1.82780384363
TAF9B	1	0.000197163075642	2.51480783097	-0.637278120936	-0.405847759532	-3.02223617717	1.55154004205
PWP1	1	-0.54770851429	1.7115699885	-0.451076098043	-0.303984088577	-2.65847360228	-1.03657877106
LMNB1	1	0.285406779238	0.0823388083109	-0.0125553106115	-0.11100745027	1.10101862118	0.367239227576
JHD2C	1	-0.0264502024109	0.481635783768	-0.188917690248	-0.0923815141851	-0.699826818964	0.367239227576
ESR1	27	-0.751520868041	7.50651485269	-1.50365250264	-0.511271740643	-8.16784504992	-1.0813498997
INSM1	1	-0.588924140405	5.05990648193	-1.56343185557	-0.510159037295	-6.8675598411	0.936623550003
MYCN	1	1.4413403433	6.34726948023	0.315296898219	0.381180119097	-1.95261824404	2.11557346297
SRBP2	1	-0.721481087827	5.35121100014	-2.72322198306	-0.657627430749	-5.28871044114	-0.289056584315
SRBP1	6	-0.0819667672325	0.246602670087	0.194366358395	-0.210125743679	-0.281266740696	-0.35941038027
TYY1	5	-0.195390935232	10.1923079939	-2.83692638131	-0.888118688283	-8.69846707165	1.25424947115
ZBT17	8	-0.874307229382	9.5027371135	-2.34897079105	-0.0970380770968	-9.33310996052	-2.09515443174
TBX5	1	-0.754227564064	5.57441367868	-1.88810937902	-0.893670228995	-7.3137939564	0.750022065414
STAT6	10	-0.631451945024	12.4674188568	0.709116584927	1.22954295166	-12.5828088333	-4.98052928526
EHMT2	2	-1.26920772892	1.5858142443	0.944372150742	0.867282820507	-5.2761368955	-4.46737096463
STAT3	41	-0.936729657605	15.1958700669	-1.14109058919	-0.403142859471	-14.1778382311	-4.1574466752
STAT2	7	-0.831674850711	9.46440298774	2.309714173	1.59429239453	-11.5953610741	-5.93142273471
STAT1	42	-0.731749103603	14.2885141637	2.74709908034	2.07493096867	-15.8264162456	-6.94287348508
FOSL1	1	-0.387357865612	1.26853154899	-0.0059312329266	-0.712829710732	-1.83646980158	-0.650090131805
FOSL2	6	-0.872984674536	10.1082122059	-0.868233504187	-0.0127294565438	-10.4243140351	-3.16785858276
ANDR	18	0.193390555927	3.02934628534	1.38534471778	2.13935790388	-3.7279656784	-1.85913044897
SRF	16	-0.279213972383	8.56538362456	-2.15518446839	-0.838005945077	-8.12960583288	1.16134275988
SALL4	6	-0.717509182387	7.69778932011	-1.1256659648	-0.00564390895383	-8.23253494396	-1.92149041432
USF1	3	-0.0501292290668	5.42811649965	-1.06326889741	-1.03750834114	-5.13467348349	1.55668807705
ATRX	6	-0.731913641752	6.63533178908	-2.94683100572	-0.764236800712	-6.42229640316	-0.161535788245
NKX61	1	-0.114311488393	6.49900018887	-1.26664604606	0.35231015977	-6.90142143371	0.745199689166
GM6871	1	0.128868287597	-0.175668390308	1.00885673715	1.07654088322	-0.418954590392	-0.846433201679
TDG	1	-0.547701604851	3.8672302252	-0.647124712999	-0.169591007891	-6.03141224878	0.242389720215
TF2B	5	-0.238304114885	9.74301901521	-2.02397885113	-0.836694808363	-9.17882180787	1.10495587773
MAFK	4	0.072170030491	5.13004915206	0.904220958765	1.16273103546	-5.07142420784	-1.764726786
SOX9	1	-0.00525570980057	1.31916347054	-0.373983927338	-0.0953919011112	-0.784028035159	-0.0920381559326
AFF4	4	0.539812495578	7.18384122282	-0.837645740687	-0.603194946303	-2.01779538757	-1.02614267037
GABPA	2	-0.0505836496739	5.56412062902	-1.84098230195	-0.780377873232	-4.74476616167	1.54908745946
T2EB	2	-0.0430600007762	9.27767953585	-2.27210660354	-1.21744924164	-7.7235041518	1.72008045725
MYBA	2	-0.212498694979	4.94834129953	-0.3749887223	0.215010506098	-6.11068815148	0.259831593267
FOXO3	1	-0.370357121053	2.12580358303	-1.1042539572	-0.435129914359	-2.44695445095	0.0087491342219
SOX2	30	-0.573648860146	8.11180066207	-1.38281148041	-0.0765917679614	-9.20078896262	-0.319852751811
FOXO1	10	-1.445886074	13.7730895151	-4.15283553319	-0.620945529433	-12.5473732211	-3.68136560141
CNDD3	4	-0.0348986514351	8.11972102648	-1.90456755517	-0.470580001655	-7.74534748673	1.8262807599
SOX3	6	-0.459440476426	5.56989106627	-1.13759090061	0.133179056525	-5.39404351364	-1.46863809068
TEAD2	2	0.281309201263	0.696861083104	1.369466847	1.40688189013	-1.02858724459	-1.03807656932
TEAD1	1	-0.883649717534	3.63010535229	0.601089965274	0.96955434771	-5.51095873415	-4.10803951879
TEAD4	3	0.276938998079	6.31892273539	-0.104049639274	0.743600512254	-5.2186170931	-0.355161524876
NPAS4	3	-0.0418859480473	0.633393397254	-0.0756546981525	0.322691877381	-1.45678599842	0.366925681701
NPAS2	1	0.32057100282	1.43089199497	-0.99671145938	-1.26021719516	0.13194190911	2.29694976455
NIPBL	4	-0.740238734706	9.06768339431	-1.93634052422	-0.526378961767	-9.49908077909	-0.807076802763
ZFP42	1	-0.0413034976523	2.49105207709	-0.78809274291	-1.17434773738	-1.25626864664	0.521139561574
DMC1	23	-0.780042333473	4.16006102735	-1.3631863037	-0.539852948036	-5.93204587492	-0.225187568057
HXA9	3	-0.0338118987957	2.65502024927	-0.801755082078	-0.311531171622	-1.46573076995	-0.245062719602
RBTN2	2	-0.179985826975	6.99912753875	-0.503046796271	0.697991088655	-6.78844903275	-1.30555193326
KMT2C	7	-0.24260953266	8.05489799289	-1.55107841785	-0.502066014931	-8.77701587894	1.56221465553
KMT2B	3	-0.492765231715	4.60791811947	-2.05444794017	-0.845708784621	-6.31424613361	2.14265858036
KMT2A	7	-0.356633154032	6.77385150221	0.227382253284	0.789192557565	-7.44028374152	-2.1333083417
KMT2E	1	-0.125699056838	1.04852151721	-0.0245870482776	-0.0780789079351	-1.94216975967	0.36781891448
KMT2D	13	-0.412137975161	8.60049623594	-2.01288425091	-0.666474027862	-8.49144938244	0.50962154946
HCFC1	4	-0.144880316106	9.4433607028	-2.04226267655	-0.793429838308	-9.54284251594	2.21077274747
ARX	2	-0.233312369286	0.703685401381	1.14817902043	1.63915520429	-1.65428497085	-3.00329650167
CTCFL	1	0.215952964104	1.73835973814	0.206514535641	0.217065186271	-2.26090379085	1.17872915131
BCL6	8	-1.16990360215	6.58996689888	-2.75018398881	-1.73836725629	-8.22173347229	0.27079980774
ISL1	4	-0.402111430747	1.67571997513	-0.87623789286	0.0688739407572	-2.55205789695	-0.326855279809
CDX2	11	0.181919474711	2.92630449471	1.28637987772	1.47695019221	-3.56593904825	-1.21409814284
ARI3A	2	-0.781446991415	4.71288726613	-1.8968217352	-1.05389053957	-6.63123952999	0.961829581546
MAFF	4	-0.319119350865	2.93238302661	-0.482072968437	-0.275916224041	-3.18930141163	-0.58068917682
EOMES	2	-0.0274073628225	5.55995357029	0.904345499379	1.02862147032	-5.69010402193	-1.93985333217
KDM4A	2	0.173185183886	1.21779472192	0.0379128982697	0.816792967524	-0.927716749482	-0.2788579188
TLE3	1	-0.554942956649	1.79674113932	0.531166511258	0.600772831313	-3.69922330014	-2.004171965
PHC1	1	-0.723436839924	-2.52928059538	0.332957231765	0.888580053549	0.243996152615	-2.55343704217
TLE2	1	-0.558727041669	1.78999402804	0.529739817572	0.599543213659	-3.71882999043	-1.99408227719
MYC	47	0.351219595812	11.6930234641	-1.94863029536	-0.563123920932	-9.76023281306	2.33506154431
MYB	2	-0.882140830561	2.98651804864	-1.27882088045	-0.453490334853	-3.94350067333	-1.72141031281
DDIT3	1	-0.064028113167	1.4771483621	0.0737275936654	-0.294164274351	-1.46757243889	-0.109279808355
FLI1	11	-0.0416361395414	12.9025508347	-1.55650967545	-0.600693233615	-11.452735449	0.499206825592
RBP2	1	-0.244229732884	4.19537773546	-0.788235420569	-0.27430892032	-5.82269084925	1.46870879025
TLE4	1	-0.558727041669	1.78999402804	0.529739817572	0.599543213659	-3.71882999043	-1.99408227719
TBX3	5	-0.733190485687	5.31272920528	-1.67267211274	-0.295322124095	-7.35590552264	0.345218125759
ZKSC1	2	0.0363154760323	4.68543983966	0.58665667792	0.0135000068744	-3.67167980809	-1.4323393362
CTR9	1	0.00968144183948	5.07976348664	0.0418593096506	0.237325377176	-4.82996048475	-0.480580479512
GRIP1	2	-0.125012696145	8.12965355311	0.773678433493	1.54855420501	-8.4659780512	-2.61097162113
KDM5A	3	0.676367792932	5.36809446472	-0.158873358721	-0.0439408946309	-5.1333365141	3.3498952674
KDM5B	1	0.192052740276	0.926403983894	0.39846496714	0.281121848862	-0.20020164693	-0.445525451586
KDM5C	2	-0.0850540762648	1.74501842859	-1.59364130844	-1.23452548119	-0.764543555834	1.42242153555
BATF	22	-0.806838938608	13.9599093179	-1.51498438294	0.0123027620307	-13.2723809595	-3.21904143047
VDR	9	0.591778510367	6.9564801944	-1.11254216806	-1.27213682098	-4.46153860261	2.84862994908
RFA2	5	-1.11077152736	8.91634263455	-1.05680681847	0.0851214952889	-9.38078740285	-4.11772754532
CNDH2	2	0.239610368528	2.39914433322	-1.35955567391	-1.0067849045	-0.210082563719	1.37533065155
INO80	1	0.293254861796	6.68989098244	-1.29263825366	0.0360502695066	-5.38267442926	1.41564573995
EP400	3	-0.375111089063	4.87660459959	-1.26754472219	-0.529591161929	-6.55275808979	1.597733929
HEXI1	1	-0.268446160153	2.7513463814	-0.248125998843	0.280226671414	-2.23489935536	-1.89077849938
EED	2	-1.3340141324	-4.39299072371	-0.439621315156	0.619753063976	0.209041779315	-2.66625346644
CHD1	4	0.0293619680643	9.34739546279	-0.0999202697706	0.476877094999	-6.79261583194	-2.78492661576
CHD2	2	-0.0954040512881	8.56575105386	-0.468751261907	0.269154254608	-7.87801504498	-0.965159258027
AP2A	6	-0.791683929352	7.31018084338	-2.78143266688	-0.824470652485	-8.15533022113	0.49263305036
CHD4	20	-0.843867383866	7.39688090302	-1.47929536794	-0.121567322301	-9.1257715245	-0.889583607603
AP2C	2	-0.480684271764	6.00366203485	-1.0322332986	0.0358384624343	-6.76260511425	-0.648083443255
ASXL1	1	0.153099559128	10.2176449034	-1.80307149224	0.178152380796	-7.51593925913	-0.311288737176
RAD21	23	-1.02797157617	3.67652449771	0.780269626885	1.66040155499	-7.71316146011	-3.54389210029
OTX2	10	-0.503179740401	7.18670271614	-1.51015948897	-0.155928473025	-7.95075574953	-0.0857577066298
NR5A2	2	-0.236316779205	4.17009320605	-1.38595745461	-0.170500489147	-4.1313540743	0.336134915987
TFE3	3	0.133496704564	4.01089006524	-1.01255796496	-0.87332171088	-2.71163972134	1.25411285477
TFE2	12	-0.418107904269	11.3802619869	-1.99086975825	-0.531354312222	-10.039950874	-0.908626563694
TOP2B	1	-0.658998337595	1.39250989474	-1.02908996476	-0.0942837291014	-2.69884365618	-0.865284232669
TOP2A	4	-0.880571244314	3.75351406623	-1.65548844366	-0.585304126395	-5.0516845142	-0.86389320355
SMC1A	11	-0.893031155693	3.19337135619	0.299364489658	1.27939544375	-6.34248199535	-2.89480507271
NCOA2	4	-0.759075267738	8.76744519933	-2.32768873961	-0.8594338814	-8.96173239542	-0.413966521589
NUCKS	1	-0.383719538172	5.85756079504	-1.94596812911	-0.679449823175	-5.86007943177	0.709338898157
STAG2	2	-0.888392820611	-1.07145333407	-0.21168418272	0.710418059492	-2.48741439808	-1.38183024768
STAG1	2	-0.709052886504	0.293709357332	1.24008889547	1.30812149025	-3.94103366436	-2.44615051121
JARD2	13	-1.09286907041	-3.12484630705	-0.809697806488	-0.4288632442	2.41427502219	-3.51521301652
TE2IP	4	-0.28016287712	1.88790876216	0.0956668267147	0.216643697065	-2.73556241667	-0.865471254876
SPT5H	8	-0.16284204307	8.76006883982	-1.3474790613	-0.403171703034	-9.41872693496	1.59509864413
ETV2	4	0.0757454953564	4.52830503883	-0.932576621207	-0.555087924185	-3.45048038329	0.788567366636
TAF3	3	-0.497723043339	5.94605531484	-1.00240144301	-0.294006124611	-8.27775327334	1.13949030943
TAF1	1	0.17841970967	8.0583490619	-0.314852985261	0.709529957384	-6.08686835102	-1.47405913465
ETV6	4	0.260813543414	12.2012026111	-2.37013808573	-0.792869638676	-8.69518260628	0.961055436678
CNDG2	2	-0.349906339046	5.88629734096	-0.742025871508	0.699214700676	-6.97309710449	-0.619920760862
HNF4A	14	-0.370207109106	6.02649112006	-0.617750702388	-0.189247893361	-7.56318346281	0.492655392974
KDM1A	14	-0.186910052544	9.63225987174	-2.22461751351	-0.545746069533	-9.4048236409	1.60837708948
HTF4	1	0.119365387659	1.26691375453	0.130309594141	-0.236798861005	-0.759887419996	0.196289870624
DMRT1	1	-0.0665506426615	4.60430844165	-1.45047850107	-0.508695072504	-3.28350058241	0.305612501029
FOSB	8	0.112192943659	8.66513993017	-2.39189387549	-0.376905472042	-6.04271585705	0.707339992704
SUH	22	0.0492335147578	7.96389884008	-1.6756423156	-0.182577526083	-6.24379023827	0.384278813661
IKZF1	16	-0.695954741746	12.2582922735	-1.55568697459	0.100311520578	-12.4311341391	-1.85155638906
NCOR2	4	-0.643535019637	8.1940588455	-0.38741578342	0.440567035151	-9.69668942357	-1.76819577185
IKZF3	1	-0.863928099512	4.16400079853	-1.91298501493	-0.622772079971	-5.01219723705	-0.935686964147
NANOG	15	-0.867258135296	6.98232616304	-1.68401693308	-0.778545121935	-8.41512673947	-0.440928045041
FOXK1	1	0.208406504241	5.99391785953	-1.0750903642	-0.279426582585	-4.66921016711	1.07184177557
CHD7	2	-0.449999340966	1.9150930975	-1.29266893073	-0.190460691141	-1.2231389384	-1.45882124205
KDM6A	14	-0.361420561231	6.75287653052	-1.94132911086	-0.902005279656	-6.406632494	0.689987547837
NBN	4	-1.32379937796	6.12351145907	-2.32981504839	-1.10800952272	-7.30359833248	-2.00108544527
KDM6B	6	-0.514035093999	7.82315917483	-1.76905124203	-0.320243593021	-8.38226502102	0.0782252112468
NFKB1	11	-0.588171894806	4.52843423847	1.15597666238	0.646438498362	-4.9633209005	-4.30838797275
HELLS	2	-1.14201465676	6.03304913532	-3.66759020979	-0.785382203312	-6.28133762044	-1.0088123856
LYL1	1	-0.701951395059	0.335546106742	-0.911703996508	-0.0204041396426	-1.42059865376	-1.49259629213
ATOH1	3	-0.0958440414309	4.20836049696	-0.466559669818	0.477816998443	-4.29117005726	-0.407667975481
ELL	1	-0.358955794359	-0.261461014191	-1.48497551548	-0.415737171465	-0.507877459165	0.875272188507
H2B1A	3	-0.237479914187	-0.433688516824	0.89279774856	0.378664707511	0.0797510842344	-2.10492459441
HIRA	3	-1.19227074836	1.6929544003	-1.67516148331	-0.0677231644352	-2.42641988212	-3.48500361222
MTF2	1	-0.681723534074	-2.32887813949	-0.273667533798	0.184609602907	1.60280334188	-2.59348494187
ZN322	1	0.431531819552	2.17894039819	0.0845556854463	0.279146673546	-0.662397160085	0.277413500661
HXA2	2	-0.229631385494	0.432723299705	-0.991217586596	-0.350523798823	0.109172594338	-0.348311436095
ZN281	2	0.107902840179	1.69096824231	0.00103723976666	0.494420615079	-1.16404726052	-0.482864635742
JUNB	11	-0.943927032966	11.9805848104	0.839363769425	1.2804386712	-12.5340327092	-6.28598970669
JUND	6	-0.452963004755	9.97862724391	-1.02557216163	0.139222742048	-10.2686628813	-1.08842996679
OVOL2	1	0.224099593689	2.54601732523	0.107987429874	0.031915544466	-1.94398389163	0.378561560506
ELF1	2	-0.138395237058	13.4814193788	-2.5300961624	-1.27706085092	-9.93188686978	-0.434351680967
TAL1	39	-0.529508415581	7.5670165621	1.43657905616	1.95702138314	-8.66524240075	-4.94291667856
ELF5	1	-0.699312647048	3.92363198245	-1.22552577603	-0.815589759877	-5.03129617487	-0.347783506916
TF7L2	3	-0.589727300819	6.56664086547	-1.86324375527	-0.597696165115	-7.92521732315	0.870879873974
GRHL2	1	-1.13578805614	1.77707713462	-1.4777139393	-0.640305902638	-3.80344074124	-1.53455683215
GRHL3	4	-1.08984542785	6.30326465384	-2.92991545421	-0.550159443913	-7.3057482541	-0.966668640875
CRY1	1	-0.202799200267	4.20382120192	-1.67514580032	-0.928279895921	-4.16663682539	1.55224531837
CRY2	1	-0.485668893388	4.00993794462	-2.3454168101	-0.945206155578	-3.82056118956	0.672901743678
CTNB1	12	-0.410333613228	5.27366891429	-0.973083512887	-0.487134327007	-6.7814669791	0.916347838557
GLI3	3	-0.0685328606293	3.59385511811	-0.818738622351	0.744098314739	-2.23207266579	-1.62980644786
GLI1	5	-0.905835673013	-0.188496170978	-0.336655019728	0.388823524425	-2.37295540187	-2.01989529691
PSB1	2	-0.0798330267665	0.352769152662	-0.749566129057	-0.192009019705	0.133123855532	0.0565170067355
MSX1	1	-0.509039828186	3.57948401606	-0.83480862497	-0.434224813704	-2.66370867298	-2.19194104533
NACC1	1	-0.581945452171	1.37166065559	0.115272636	0.0952161914991	-2.0557972318	-2.43607951214
SIN3B	11	0.272452668942	9.6534403586	-0.0829533773639	0.0477596340576	-8.66643160076	0.410448330173
ZMIZ1	2	0.189927772453	10.6862222487	-0.182094401232	0.630982047992	-8.90100293466	-1.28446809854
SIN3A	14	-0.387946741199	9.34498104235	-1.16541815157	-0.365464332786	-10.1942978939	0.440465629901
NCOR1	6	-0.396483646913	10.0505636271	-0.608637080043	0.127151679887	-9.84608126823	-1.70541519325
ASCL2	1	-0.863836492227	8.15282404378	-2.0956242522	-1.12095737726	-6.11778238497	-3.13764249048
PAXI1	3	-0.0620461064184	11.103807659	0.848048940767	1.37395643339	-10.7937119872	-2.84233157801
SETB1	4	-0.248043765465	0.132436945172	0.990655162764	0.990241738873	-2.6819498731	-0.671602801028
LUZP1	1	-0.137980183151	-0.394530588022	-0.180262647719	-0.0942021201352	-0.180839385572	0.159933825696
ERR2	1	-0.206596864121	3.9540586629	-0.796015566166	-0.73158115503	-3.66474848341	0.205302221091
BAP1	1	0.109391655839	8.2367570375	-0.36868253114	0.797311726553	-8.91851086395	0.800082910228
NFIC	2	-0.218694993234	0.640182006981	-0.32284635938	-0.380219798311	-1.0947360357	0.064145220235
NFIB	3	-0.57045365103	7.07895901453	-2.48519092125	-0.875391042256	-6.63522596316	0.0645806569889
GFI1	1	-0.66722841741	6.37191586533	-2.26865319662	-1.0661184737	-5.91026966697	-0.463016615096
MXI1	2	-0.226919485157	7.29225905329	-1.14461107581	-0.0931902716372	-8.32466249769	1.13560736606
BRAC	4	-1.07726228527	4.47763643668	-1.90218673653	-0.434166886673	-5.82420678812	-1.70338745169
ZFP57	1	-0.502073166932	0.826433119685	0.573596776142	0.212103088342	-1.30144707278	-2.82105174605
HXB4	7	0.0285443885764	10.2935518046	-0.838584285394	-0.0939522694901	-9.55102816457	0.332734857749
ATF4	3	-0.511641814492	7.86310841628	-0.433235165975	0.653086716241	-8.95369058265	-1.68747845635
ERR1	1	-0.306894059914	2.1902229645	-0.18923509729	-0.489845249379	-3.11574370484	0.0701307874428
ATF3	10	-0.134178643012	4.84420940463	0.409836785312	0.259983525745	-4.72013549851	-1.46478743224
ATF2	2	0.0706019107119	7.0532727292	-0.810726107087	-0.0799032566743	-5.92028788705	0.110654075166
