gset	gset_gene_num	included_basis_genes	p_value	q_value
map04330	45	0	1.0	1.0
map00650	20	0	1.0	1.0
map00710	20	0	1.0	1.0
map00300	1	0	1.0	1.0
map05120	60	0	1.0	1.0
map00970	44	0	1.0	1.0
map05310	15	0	1.0	1.0
map04650	107	1	0.315034542662	1.0
map04657	70	0	1.0	1.0
map00270	36	0	1.0	1.0
map04659	91	1	0.275276537828	1.0
map04658	78	1	0.241248761848	1.0
map04662	69	0	1.0	1.0
map00563	25	0	1.0	1.0
map04728	111	0	1.0	1.0
map05225	140	0	1.0	1.0
map04726	91	0	1.0	1.0
map04725	94	0	1.0	1.0
map04724	91	0	1.0	1.0
map05221	66	0	1.0	1.0
map05220	75	1	0.233167958564	1.0
map04721	47	0	1.0	1.0
map04720	54	0	1.0	1.0
map00051	31	0	1.0	1.0
map00053	14	0	1.0	1.0
map00052	26	0	1.0	1.0
map05418	119	0	1.0	1.0
map05416	62	0	1.0	1.0
map05414	69	0	1.0	1.0
map05412	59	0	1.0	1.0
map05410	64	0	1.0	1.0
map03010	124	0	1.0	1.0
map04978	32	0	1.0	1.0
map04979	35	0	1.0	1.0
map00280	48	0	1.0	1.0
map00281	2	0	1.0	1.0
map02026	3	0	1.0	1.0
map04973	28	0	1.0	1.0
map02024	6	0	1.0	1.0
map04971	55	0	1.0	1.0
map04976	53	0	1.0	1.0
map04977	18	0	1.0	1.0
map02020	9	0	1.0	1.0
map04975	19	0	1.0	1.0
map04150	130	0	1.0	1.0
map04151	269	1	0.611915981947	1.0
map04152	107	1	0.315034542662	1.0
map00521	8	0	1.0	1.0
map03430	22	0	1.0	1.0
map04270	96	0	1.0	1.0
map03018	75	0	1.0	1.0
map04370	57	0	1.0	1.0
map04371	115	1	0.334074056091	1.0
map00020	30	0	1.0	1.0
map04072	117	1	0.33874922069	1.0
map04071	111	1	0.324622565596	1.0
map03008	69	0	1.0	1.0
map05211	64	0	1.0	1.0
map00450	15	0	1.0	1.0
map00520	44	0	1.0	1.0
map05212	73	1	0.227732155834	1.0
map00590	50	0	1.0	1.0
map00591	22	0	1.0	1.0
map00592	20	0	1.0	1.0
map05213	57	1	0.182809605052	1.0
map03020	28	0	1.0	1.0
map04380	115	3	0.00848000741201	0.784932750071
map00330	39	0	1.0	1.0
map00930	5	0	1.0	1.0
map00626	1	0	1.0	1.0
map00627	5	0	1.0	1.0
map00625	5	0	1.0	1.0
map00623	1	0	1.0	1.0
map00620	36	0	1.0	1.0
map01051	2	0	1.0	1.0
map01055	1	0	1.0	1.0
map05214	61	0	1.0	1.0
map05215	85	0	1.0	1.0
map05216	34	1	0.113529623769	1.0
map05217	43	0	1.0	1.0
map05210	74	0	1.0	1.0
map00230	156	1	0.423529921509	1.0
map04750	84	0	1.0	1.0
map00232	3	0	1.0	1.0
map05218	59	1	0.188567294483	1.0
map05219	35	1	0.116662610596	1.0
map00333	1	0	1.0	1.0
map00480	45	1	0.147379584668	1.0
map05320	45	1	0.147379584668	1.0
map05321	46	1	0.150390884239	1.0
map00523	1	0	1.0	1.0
map05323	68	0	1.0	1.0
map00525	1	0	1.0	1.0
map00524	3	0	1.0	1.0
map00240	93	2	0.0438620440509	1.0
map04614	13	0	1.0	1.0
map04612	68	1	0.213970460385	1.0
map04611	113	0	1.0	1.0
map04610	55	0	1.0	1.0
map03040	127	0	1.0	1.0
map00061	12	0	1.0	1.0
map00790	19	0	1.0	1.0
map00140	32	0	1.0	1.0
map00410	23	0	1.0	1.0
map04921	124	0	1.0	1.0
map04920	59	0	1.0	1.0
map04923	42	0	1.0	1.0
map04922	81	0	1.0	1.0
map04925	63	0	1.0	1.0
map04924	53	0	1.0	1.0
map04926	106	0	1.0	1.0
map04530	134	0	1.0	1.0
map03460	49	0	1.0	1.0
map00660	0	0	1.0	1.0
map04320	21	0	1.0	1.0
map00460	5	0	1.0	1.0
map05140	59	2	0.0190231661581	0.784932750071
map05142	91	0	1.0	1.0
map05143	24	0	1.0	1.0
map05144	37	0	1.0	1.0
map05145	102	3	0.00611005635261	0.784932750071
map05146	83	1	0.254524717237	1.0
map01503	1	0	1.0	1.0
map04810	177	1	0.464512334827	1.0
map00960	3	0	1.0	1.0
map00965	2	0	1.0	1.0
map05134	47	0	1.0	1.0
map05131	60	0	1.0	1.0
map05130	46	1	0.150390884239	1.0
map05133	61	0	1.0	1.0
map05132	70	0	1.0	1.0
map05034	103	0	1.0	1.0
map05030	38	0	1.0	1.0
map05031	52	0	1.0	1.0
map05032	70	0	1.0	1.0
map05033	21	0	1.0	1.0
map04666	77	1	0.238564833546	1.0
map00564	79	0	1.0	1.0
map04664	61	1	0.194283710286	1.0
map00561	46	0	1.0	1.0
map04660	100	0	1.0	1.0
map00562	68	0	1.0	1.0
map04668	100	0	1.0	1.0
map00362	3	0	1.0	1.0
map00361	1	0	1.0	1.0
map00360	11	0	1.0	1.0
map00364	1	0	1.0	1.0
map04712	4	0	1.0	1.0
map04713	74	0	1.0	1.0
map04710	27	0	1.0	1.0
map04711	6	0	1.0	1.0
map00510	46	0	1.0	1.0
map00511	16	0	1.0	1.0
map00512	26	0	1.0	1.0
map00513	37	0	1.0	1.0
map00514	20	0	1.0	1.0
map00515	19	0	1.0	1.0
map00100	17	0	1.0	1.0
map00290	3	0	1.0	1.0
map04964	17	0	1.0	1.0
map04966	21	0	1.0	1.0
map04961	36	0	1.0	1.0
map04960	32	0	1.0	1.0
map04962	37	0	1.0	1.0
map04146	73	0	1.0	1.0
map04145	140	1	0.390173399503	1.0
map04144	228	0	1.0	1.0
map00190	109	0	1.0	1.0
map04142	116	0	1.0	1.0
map04141	155	0	1.0	1.0
map04140	122	0	1.0	1.0
map03420	43	0	1.0	1.0
map03030	34	0	1.0	1.0
map04360	148	0	1.0	1.0
map00030	27	0	1.0	1.0
map00740	7	0	1.0	1.0
map04918	54	0	1.0	1.0
map04919	105	1	0.310188705565	1.0
map04910	112	0	1.0	1.0
map04911	65	0	1.0	1.0
map04912	76	0	1.0	1.0
map04913	34	0	1.0	1.0
map04914	82	2	0.0349503933047	0.948653532556
map04915	78	0	1.0	1.0
map04916	73	0	1.0	1.0
map04917	60	2	0.0196320177242	0.784932750071
map04218	155	1	0.421500598735	1.0
map03450	13	0	1.0	1.0
map04212	63	0	1.0	1.0
map04211	78	0	1.0	1.0
map04210	130	2	0.0788067760023	1.0
map04217	127	2	0.0757267073137	1.0
map04216	36	1	0.11978433117	1.0
map04215	31	0	1.0	1.0
map04214	52	0	1.0	1.0
map00630	26	0	1.0	1.0
map00633	2	0	1.0	1.0
map00920	11	0	1.0	1.0
map00730	9	0	1.0	1.0
map01040	22	0	1.0	1.0
map05206	129	1	0.366107364784	1.0
map05205	159	1	0.429574536224	1.0
map05204	42	0	1.0	1.0
map05203	183	2	0.138465477669	1.0
map05202	138	1	0.38586795473	1.0
map05200	429	4	0.0702784127853	1.0
map00950	7	0	1.0	1.0
map05100	68	2	0.0247873500022	0.784932750071
map04136	30	0	1.0	1.0
map04137	63	0	1.0	1.0
map04130	32	0	1.0	1.0
map05332	41	1	0.135225377393	1.0
map05330	42	1	0.138280360563	1.0
map04138	67	0	1.0	1.0
map04139	25	0	1.0	1.0
map00250	27	0	1.0	1.0
map00254	2	0	1.0	1.0
map04622	50	1	0.162328264558	1.0
map04623	48	1	0.156381059096	1.0
map04620	81	2	0.034179126092	0.948653532556
map04621	145	3	0.0157548740713	0.784932750071
map04626	8	0	1.0	1.0
map04624	37	0	1.0	1.0
map04740	141	0	1.0	1.0
map04742	35	0	1.0	1.0
map04745	20	0	1.0	1.0
map04744	16	0	1.0	1.0
map03070	2	0	1.0	1.0
map04550	102	0	1.0	1.0
map00780	3	0	1.0	1.0
map00785	3	0	1.0	1.0
map04727	66	0	1.0	1.0
map00073	2	0	1.0	1.0
map00072	8	0	1.0	1.0
map00071	39	0	1.0	1.0
map05224	113	0	1.0	1.0
map05226	116	1	0.336415827865	1.0
map04723	116	0	1.0	1.0
map04722	103	0	1.0	1.0
map04950	11	0	1.0	1.0
map05223	64	0	1.0	1.0
map05222	86	1	0.262376594088	1.0
map04520	62	1	0.197126534706	1.0
map00062	21	0	1.0	1.0
map03410	33	0	1.0	1.0
map00670	18	0	1.0	1.0
map04310	110	0	1.0	1.0
map00770	15	0	1.0	1.0
map00472	0	0	1.0	1.0
map00471	3	0	1.0	1.0
map05152	142	2	0.0914945661644	1.0
map05150	38	0	1.0	1.0
map00983	33	0	1.0	1.0
map00982	37	0	1.0	1.0
map00981	3	0	1.0	1.0
map00980	38	0	1.0	1.0
map00600	38	0	1.0	1.0
map00601	20	0	1.0	1.0
map00603	10	0	1.0	1.0
map00910	12	0	1.0	1.0
map05020	30	0	1.0	1.0
map00350	22	0	1.0	1.0
map03320	57	0	1.0	1.0
map04514	108	1	0.317444457543	1.0
map04510	163	1	0.437533839429	1.0
map04512	65	2	0.0227958137047	0.784932750071
map00130	9	0	1.0	1.0
map00500	22	0	1.0	1.0
map04972	73	0	1.0	1.0
map04670	88	1	0.267564379108	1.0
map04672	36	0	1.0	1.0
map04970	59	0	1.0	1.0
map00604	14	0	1.0	1.0
map04350	67	0	1.0	1.0
map03022	41	0	1.0	1.0
map04213	54	0	1.0	1.0
map04974	62	0	1.0	1.0
map00680	24	0	1.0	1.0
map00430	6	0	1.0	1.0
map03440	39	0	1.0	1.0
map00640	31	0	1.0	1.0
map00643	3	0	1.0	1.0
map00720	14	0	1.0	1.0
map00310	50	0	1.0	1.0
map00311	0	0	1.0	1.0
map00860	31	0	1.0	1.0
map00940	1	0	1.0	1.0
map00944	1	0	1.0	1.0
map05110	45	0	1.0	1.0
map04640	77	0	1.0	1.0
map00260	31	0	1.0	1.0
map00261	2	0	1.0	1.0
map00565	34	0	1.0	1.0
map00380	32	0	1.0	1.0
map04630	114	3	0.0082813265816	0.784932750071
map05230	57	0	1.0	1.0
map05231	87	0	1.0	1.0
map04730	55	0	1.0	1.0
map04392	22	0	1.0	1.0
map03060	24	0	1.0	1.0
map04390	120	1	0.345699429889	1.0
map04391	62	0	1.0	1.0
map04015	170	1	0.451191746202	1.0
map04014	182	1	0.473825220687	1.0
map00040	22	0	1.0	1.0
map04540	75	0	1.0	1.0
map04011	28	0	1.0	1.0
map04010	247	1	0.580926609698	1.0
map04013	71	0	1.0	1.0
map04012	76	0	1.0	1.0
map00750	8	0	1.0	1.0
map04070	89	0	1.0	1.0
map02010	41	0	1.0	1.0
map04080	145	1	0.400803143889	1.0
map04940	45	1	0.147379584668	1.0
map04120	128	0	1.0	1.0
map04122	8	0	1.0	1.0
map05322	63	0	1.0	1.0
map03050	43	0	1.0	1.0
map04260	56	0	1.0	1.0
map04261	111	0	1.0	1.0
map04068	118	0	1.0	1.0
map03013	149	0	1.0	1.0
map03015	81	0	1.0	1.0
map04060	175	1	0.460740374544	1.0
map04062	151	1	0.413310347076	1.0
map04064	87	0	1.0	1.0
map04066	83	1	0.254524717237	1.0
map00760	30	0	1.0	1.0
map00440	5	0	1.0	1.0
map05166	238	0	1.0	1.0
map05167	173	2	0.126575758181	1.0
map05164	138	2	0.0872024924377	1.0
map05165	278	4	0.0188812628954	0.784932750071
map05162	107	2	0.0562533090624	1.0
map05160	100	2	0.0499187945234	1.0
map05161	124	3	0.0103935425914	0.784932750071
map05168	172	3	0.0245313645925	0.784932750071
map05169	193	1	0.493737800228	1.0
map00909	2	0	1.0	1.0
map00908	1	0	1.0	1.0
map00903	3	0	1.0	1.0
map00901	1	0	1.0	1.0
map00900	21	0	1.0	1.0
map05012	117	0	1.0	1.0
map05010	147	0	1.0	1.0
map05016	165	0	1.0	1.0
map05014	43	0	1.0	1.0
map00220	16	0	1.0	1.0
map04016	11	0	1.0	1.0
map00340	18	0	1.0	1.0
map00830	36	0	1.0	1.0
map01522	84	0	1.0	1.0
map01523	28	0	1.0	1.0
map01521	71	0	1.0	1.0
map01524	69	1	0.216742622487	1.0
map04110	122	2	0.0706808128328	1.0
map04111	70	1	0.219504836835	1.0
map04112	3	0	1.0	1.0
map04113	56	1	0.179915188064	1.0
map04114	99	1	0.295440842297	1.0
map04115	62	1	0.197126534706	1.0
map00120	10	0	1.0	1.0
map00534	18	0	1.0	1.0
map00532	17	0	1.0	1.0
map00533	11	0	1.0	1.0
map00531	15	0	1.0	1.0
map05340	31	0	1.0	1.0
map04341	24	0	1.0	1.0
map04340	35	0	1.0	1.0
map04024	148	0	1.0	1.0
map00010	53	0	1.0	1.0
map04020	126	0	1.0	1.0
map04022	127	0	1.0	1.0
map00400	4	0	1.0	1.0
map00401	0	0	1.0	1.0
map04932	132	0	1.0	1.0
map04933	87	3	0.00393008087077	0.784932750071
map04930	36	0	1.0	1.0
map04931	92	0	1.0	1.0
